,simulation_file_name,timestamp,simulation_initial_debt_volume,price,collateral_volume,debt_volume,available_d_l,total_liquidations,open_liquidation,ucr,min_ucr
0,c:\dev\monitor-backend_for_badger\simulations\data_worst_day\data_unified_2020_03_ETHUSDT.csv,1583971231305404.2,19505626969.69697,0.005126725747157747,140000000.0,19505626969.69697,975281348.4848486,0.0,0.0,1.4,1.4
1,c:\dev\monitor-backend_for_badger\simulations\data_worst_day\data_unified_2020_03_ETHUSDT.csv,1583971291772972.5,19505626969.69697,0.0051217563853291235,140000000.0,19505626969.69697,975281348.4848486,0.0,0.0,1.401358343903275,1.4
2,c:\dev\monitor-backend_for_badger\simulations\data_worst_day\data_unified_2020_03_ETHUSDT.csv,1583971346517635.0,19505626969.69697,0.005126581866550156,140000000.0,19505626969.69697,975281348.4848486,0.0,0.0,1.400039291843156,1.4
3,c:\dev\monitor-backend_for_badger\simulations\data_worst_day\data_unified_2020_03_ETHUSDT.csv,1583971411940287.5,19505626969.69697,0.005119111312832689,140000000.0,19505626969.69697,975281348.4848486,0.0,0.0,1.4020824333372781,1.4
4,c:\dev\monitor-backend_for_badger\simulations\data_worst_day\data_unified_2020_03_ETHUSDT.csv,1583971474214337.2,19505626969.69697,0.005117388909829797,140000000.0,19505626969.69697,975281348.4848486,0.0,0.0,1.4025543441175674,1.4
5,c:\dev\monitor-backend_for_badger\simulations\data_worst_day\data_unified_2020_03_ETHUSDT.csv,1583971527558809.2,19505626969.69697,0.005111586369131178,140000000.0,19505626969.69697,975281348.4848486,0.0,0.0,1.4041464875493825,1.4
6,c:\dev\monitor-backend_for_badger\simulations\data_worst_day\data_unified_2020_03_ETHUSDT.csv,1583971590892851.0,19505626969.69697,0.005120626647477716,140000000.0,19505626969.69697,975281348.4848486,0.0,0.0,1.4016675184776943,1.4
7,c:\dev\monitor-backend_for_badger\simulations\data_worst_day\data_unified_2020_03_ETHUSDT.csv,1583971650908621.8,19505626969.69697,0.005132810861126966,140000000.0,19505626969.69697,975281348.4848486,0.0,0.0,1.3983402545335486,1.3983402545335486
8,c:\dev\monitor-backend_for_badger\simulations\data_worst_day\data_unified_2020_03_ETHUSDT.csv,1583971704005628.0,19505626969.69697,0.005139143712523005,140000000.0,19505626969.69697,975281348.4848486,0.0,0.0,1.3966171112380068,1.3966171112380068
9,c:\dev\monitor-backend_for_badger\simulations\data_worst_day\data_unified_2020_03_ETHUSDT.csv,1583971769485077.5,19505626969.69697,0.005145464292983985,140000000.0,19505626969.69697,975281348.4848486,0.0,0.0,1.3949015360591455,1.3949015360591455
10,c:\dev\monitor-backend_for_badger\simulations\data_worst_day\data_unified_2020_03_ETHUSDT.csv,1583971829701042.0,19505626969.69697,0.0051501624691301226,140000000.0,19505626969.69697,975281348.4848486,0.0,0.0,1.393629053266184,1.393629053266184
11,c:\dev\monitor-backend_for_badger\simulations\data_worst_day\data_unified_2020_03_ETHUSDT.csv,1583971885991557.2,19505626969.69697,0.005157211295988016,140000000.0,19505626969.69697,975281348.4848486,0.0,0.0,1.3917242544637294,1.3917242544637294
12,c:\dev\monitor-backend_for_badger\simulations\data_worst_day\data_unified_2020_03_ETHUSDT.csv,1583971947721422.0,19505626969.69697,0.0051560081749635455,140000000.0,19505626969.69697,975281348.4848486,0.0,0.0,1.3920490042806404,1.3917242544637294
13,c:\dev\monitor-backend_for_badger\simulations\data_worst_day\data_unified_2020_03_ETHUSDT.csv,1583972002759159.5,19505626969.69697,0.005155767417830026,140000000.0,19505626969.69697,975281348.4848486,0.0,0.0,1.3921140083238466,1.3917242544637294
14,c:\dev\monitor-backend_for_badger\simulations\data_worst_day\data_unified_2020_03_ETHUSDT.csv,1583972079710378.8,19505626969.69697,0.005162069676700215,140000000.0,19505626969.69697,975281348.4848486,0.0,0.0,1.3904144065348831,1.3904144065348831
15,c:\dev\monitor-backend_for_badger\simulations\data_worst_day\data_unified_2020_03_ETHUSDT.csv,1583972130950036.5,19505626969.69697,0.005148203083253322,140000000.0,19505626969.69697,975281348.4848486,0.0,0.0,1.3941594630111591,1.3904144065348831
16,c:\dev\monitor-backend_for_badger\simulations\data_worst_day\data_unified_2020_03_ETHUSDT.csv,1583972189077866.0,19505626969.69697,0.005147028854014698,140000000.0,19505626969.69697,975281348.4848486,0.0,0.0,1.394477522779465,1.3904144065348831
17,c:\dev\monitor-backend_for_badger\simulations\data_worst_day\data_unified_2020_03_ETHUSDT.csv,1583972244237720.0,19505626969.69697,0.0051394091053256485,140000000.0,19505626969.69697,975281348.4848486,0.0,0.0,1.3965449916379176,1.3904144065348831
18,c:\dev\monitor-backend_for_badger\simulations\data_worst_day\data_unified_2020_03_ETHUSDT.csv,1583972314510725.2,19505626969.69697,0.005151497954763636,140000000.0,19505626969.69697,975281348.4848486,0.0,0.0,1.3932677658124324,1.3904144065348831
19,c:\dev\monitor-backend_for_badger\simulations\data_worst_day\data_unified_2020_03_ETHUSDT.csv,1583972367328362.8,19505626969.69697,0.0051505062036066316,140000000.0,19505626969.69697,975281348.4848486,0.0,0.0,1.3935360452521879,1.3904144065348831
20,c:\dev\monitor-backend_for_badger\simulations\data_worst_day\data_unified_2020_03_ETHUSDT.csv,1583972427878395.0,19505626969.69697,0.005148193021581563,140000000.0,19505626969.69697,975281348.4848486,0.0,0.0,1.3941621877681445,1.3904144065348831
21,c:\dev\monitor-backend_for_badger\simulations\data_worst_day\data_unified_2020_03_ETHUSDT.csv,1583972495728457.8,19505626969.69697,0.005147021128918638,140000000.0,19505626969.69697,975281348.4848486,0.0,0.0,1.394479615732369,1.3904144065348831
22,c:\dev\monitor-backend_for_badger\simulations\data_worst_day\data_unified_2020_03_ETHUSDT.csv,1583972541161138.2,19505626969.69697,0.005145805765070839,140000000.0,19505626969.69697,975281348.4848486,0.0,0.0,1.3948089713646699,1.3904144065348831
23,c:\dev\monitor-backend_for_badger\simulations\data_worst_day\data_unified_2020_03_ETHUSDT.csv,1583972601741206.2,19505626969.69697,0.005148654060742889,140000000.0,19505626969.69697,975281348.4848486,0.0,0.0,1.3940373467207137,1.3904144065348831
24,c:\dev\monitor-backend_for_badger\simulations\data_worst_day\data_unified_2020_03_ETHUSDT.csv,1583972667172548.5,19505626969.69697,0.005152487396079011,140000000.0,19505626969.69697,975281348.4848486,0.0,0.0,1.393000214126246,1.3904144065348831
25,c:\dev\monitor-backend_for_badger\simulations\data_worst_day\data_unified_2020_03_ETHUSDT.csv,1583972738273484.5,19505626969.69697,0.005152216794847856,140000000.0,19505626969.69697,975281348.4848486,0.0,0.0,1.3930733763373777,1.3904144065348831
26,c:\dev\monitor-backend_for_badger\simulations\data_worst_day\data_unified_2020_03_ETHUSDT.csv,1583972791526108.8,19505626969.69697,0.005148847602826181,140000000.0,19505626969.69697,975281348.4848486,0.0,0.0,1.3939849456956526,1.3904144065348831
27,c:\dev\monitor-backend_for_badger\simulations\data_worst_day\data_unified_2020_03_ETHUSDT.csv,1583972843000490.0,19505626969.69697,0.005150572126175741,140000000.0,19505626969.69697,975281348.4848486,0.0,0.0,1.393518209277077,1.3904144065348831
28,c:\dev\monitor-backend_for_badger\simulations\data_worst_day\data_unified_2020_03_ETHUSDT.csv,1583972924238655.0,19505626969.69697,0.005146896921930591,140000000.0,19505626969.69697,975281348.4848486,0.0,0.0,1.394513267875707,1.3904144065348831
29,c:\dev\monitor-backend_for_badger\simulations\data_worst_day\data_unified_2020_03_ETHUSDT.csv,1583972969339658.5,19505626969.69697,0.005143542406387884,140000000.0,19505626969.69697,975281348.4848486,0.0,0.0,1.395422741553962,1.3904144065348831
30,c:\dev\monitor-backend_for_badger\simulations\data_worst_day\data_unified_2020_03_ETHUSDT.csv,1583973027579442.2,19505626969.69697,0.0051394007515434305,140000000.0,19505626969.69697,975281348.4848486,0.0,0.0,1.396547261636558,1.3904144065348831
31,c:\dev\monitor-backend_for_badger\simulations\data_worst_day\data_unified_2020_03_ETHUSDT.csv,1583973090140183.2,19505626969.69697,0.005146139253494104,140000000.0,19505626969.69697,975281348.4848486,0.0,0.0,1.3947185827020816,1.3904144065348831
32,c:\dev\monitor-backend_for_badger\simulations\data_worst_day\data_unified_2020_03_ETHUSDT.csv,1583973158799658.5,19505626969.69697,0.005150487459901259,140000000.0,19505626969.69697,975281348.4848486,0.0,0.0,1.393541116622473,1.3904144065348831
33,c:\dev\monitor-backend_for_badger\simulations\data_worst_day\data_unified_2020_03_ETHUSDT.csv,1583973207996163.8,19505626969.69697,0.005151371375341226,140000000.0,19505626969.69697,975281348.4848486,0.0,0.0,1.3933020011676822,1.3904144065348831
34,c:\dev\monitor-backend_for_badger\simulations\data_worst_day\data_unified_2020_03_ETHUSDT.csv,1583973275985333.5,19505626969.69697,0.005152181760349604,140000000.0,19505626969.69697,975281348.4848486,0.0,0.0,1.3930828491450227,1.3904144065348831
35,c:\dev\monitor-backend_for_badger\simulations\data_worst_day\data_unified_2020_03_ETHUSDT.csv,1583973320740131.2,19505626969.69697,0.005152040789196226,140000000.0,19505626969.69697,975281348.4848486,0.0,0.0,1.3931209669519327,1.3904144065348831
36,c:\dev\monitor-backend_for_badger\simulations\data_worst_day\data_unified_2020_03_ETHUSDT.csv,1583973392531439.5,19505626969.69697,0.005151778057922405,140000000.0,19505626969.69697,975281348.4848486,0.0,0.0,1.3931920135774123,1.3904144065348831
37,c:\dev\monitor-backend_for_badger\simulations\data_worst_day\data_unified_2020_03_ETHUSDT.csv,1583973456290807.5,19505626969.69697,0.005151357945825115,140000000.0,19505626969.69697,975281348.4848486,0.0,0.0,1.3933056334859697,1.3904144065348831
38,c:\dev\monitor-backend_for_badger\simulations\data_worst_day\data_unified_2020_03_ETHUSDT.csv,1583973506273405.5,19505626969.69697,0.0051509078829157905,140000000.0,19505626969.69697,975281348.4848486,0.0,0.0,1.39342737419678,1.3904144065348831
39,c:\dev\monitor-backend_for_badger\simulations\data_worst_day\data_unified_2020_03_ETHUSDT.csv,1583973577607777.2,19505626969.69697,0.005152462937177248,140000000.0,19505626969.69697,975281348.4848486,0.0,0.0,1.3930068267415734,1.3904144065348831
40,c:\dev\monitor-backend_for_badger\simulations\data_worst_day\data_unified_2020_03_ETHUSDT.csv,1583973626381574.2,19505626969.69697,0.0051538356417435245,140000000.0,19505626969.69697,975281348.4848486,0.0,0.0,1.392635804659217,1.3904144065348831
41,c:\dev\monitor-backend_for_badger\simulations\data_worst_day\data_unified_2020_03_ETHUSDT.csv,1583973693613301.5,19505626969.69697,0.005162180776853866,140000000.0,19505626969.69697,975281348.4848486,0.0,0.0,1.3903844821171065,1.3903844821171065
42,c:\dev\monitor-backend_for_badger\simulations\data_worst_day\data_unified_2020_03_ETHUSDT.csv,1583973751272681.8,19505626969.69697,0.005174959427716345,140000000.0,19505626969.69697,975281348.4848486,0.0,0.0,1.3869511725212045,1.3869511725212045
43,c:\dev\monitor-backend_for_badger\simulations\data_worst_day\data_unified_2020_03_ETHUSDT.csv,1583973808743431.0,19505626969.69697,0.005188191341430489,140000000.0,19505626969.69697,975281348.4848486,0.0,0.0,1.383413905479031,1.383413905479031
44,c:\dev\monitor-backend_for_badger\simulations\data_worst_day\data_unified_2020_03_ETHUSDT.csv,1583973861897901.8,19505626969.69697,0.005183627377279158,140000000.0,19505626969.69697,975281348.4848486,0.0,0.0,1.3846319427744456,1.383413905479031
45,c:\dev\monitor-backend_for_badger\simulations\data_worst_day\data_unified_2020_03_ETHUSDT.csv,1583973933465742.0,19505626969.69697,0.005191403493879149,140000000.0,19505626969.69697,975281348.4848486,0.0,0.0,1.382557925709931,1.382557925709931
46,c:\dev\monitor-backend_for_badger\simulations\data_worst_day\data_unified_2020_03_ETHUSDT.csv,1583973994308588.2,19505626969.69697,0.005188531317671414,140000000.0,19505626969.69697,975281348.4848486,0.0,0.0,1.3833232578891,1.382557925709931
47,c:\dev\monitor-backend_for_badger\simulations\data_worst_day\data_unified_2020_03_ETHUSDT.csv,1583974037812299.8,19505626969.69697,0.005189250037903324,140000000.0,19505626969.69697,975281348.4848486,0.0,0.0,1.383131665191609,1.382557925709931
48,c:\dev\monitor-backend_for_badger\simulations\data_worst_day\data_unified_2020_03_ETHUSDT.csv,1583974105022070.0,19505626969.69697,0.005181894868136931,140000000.0,19505626969.69697,975281348.4848486,0.0,0.0,1.3850948791250512,1.382557925709931
49,c:\dev\monitor-backend_for_badger\simulations\data_worst_day\data_unified_2020_03_ETHUSDT.csv,1583974174057184.5,19505626969.69697,0.00518107736175406,140000000.0,19505626969.69697,975281348.4848486,0.0,0.0,1.3853134290183466,1.382557925709931
50,c:\dev\monitor-backend_for_badger\simulations\data_worst_day\data_unified_2020_03_ETHUSDT.csv,1583974230144750.2,19505626969.69697,0.005179539188664923,140000000.0,19505626969.69697,975281348.4848486,0.0,0.0,1.3857248269745972,1.382557925709931
51,c:\dev\monitor-backend_for_badger\simulations\data_worst_day\data_unified_2020_03_ETHUSDT.csv,1583974296538156.0,19505626969.69697,0.00518836858051267,140000000.0,19505626969.69697,975281348.4848486,0.0,0.0,1.3833666468837562,1.382557925709931
52,c:\dev\monitor-backend_for_badger\simulations\data_worst_day\data_unified_2020_03_ETHUSDT.csv,1583974342661977.2,19505626969.69697,0.005185493361729289,140000000.0,19505626969.69697,975281348.4848486,0.0,0.0,1.3841336870648848,1.382557925709931
53,c:\dev\monitor-backend_for_badger\simulations\data_worst_day\data_unified_2020_03_ETHUSDT.csv,1583974407961989.8,19505626969.69697,0.005185795529844251,140000000.0,19505626969.69697,975281348.4848486,0.0,0.0,1.3840530357810714,1.382557925709931
54,c:\dev\monitor-backend_for_badger\simulations\data_worst_day\data_unified_2020_03_ETHUSDT.csv,1583974480526628.2,19505626969.69697,0.005184352268374775,140000000.0,19505626969.69697,975281348.4848486,0.0,0.0,1.3844383395403161,1.382557925709931
55,c:\dev\monitor-backend_for_badger\simulations\data_worst_day\data_unified_2020_03_ETHUSDT.csv,1583974530690775.2,19505626969.69697,0.005174962216050494,140000000.0,19505626969.69697,975281348.4848486,0.0,0.0,1.3869504252146236,1.382557925709931
56,c:\dev\monitor-backend_for_badger\simulations\data_worst_day\data_unified_2020_03_ETHUSDT.csv,1583974590183052.0,19505626969.69697,0.00515207776850881,140000000.0,19505626969.69697,975281348.4848486,0.0,0.0,1.3931109677519946,1.382557925709931
57,c:\dev\monitor-backend_for_badger\simulations\data_worst_day\data_unified_2020_03_ETHUSDT.csv,1583974641710414.2,19505626969.69697,0.005153297348735244,140000000.0,19505626969.69697,975281348.4848486,0.0,0.0,1.3927812738735859,1.382557925709931
58,c:\dev\monitor-backend_for_badger\simulations\data_worst_day\data_unified_2020_03_ETHUSDT.csv,1583974705946209.5,19505626969.69697,0.005154234048472985,140000000.0,19505626969.69697,975281348.4848486,0.0,0.0,1.392528158116385,1.382557925709931
59,c:\dev\monitor-backend_for_badger\simulations\data_worst_day\data_unified_2020_03_ETHUSDT.csv,1583974767949641.8,19505626969.69697,0.005160022973369917,140000000.0,19505626969.69697,975281348.4848486,0.0,0.0,1.390965909078774,1.382557925709931
60,c:\dev\monitor-backend_for_badger\simulations\data_worst_day\data_unified_2020_03_ETHUSDT.csv,1583974822591115.5,19505626969.69697,0.005158339313823812,140000000.0,19505626969.69697,975281348.4848486,0.0,0.0,1.3914199143096535,1.382557925709931
61,c:\dev\monitor-backend_for_badger\simulations\data_worst_day\data_unified_2020_03_ETHUSDT.csv,1583974889268609.0,19505626969.69697,0.005164870385888221,140000000.0,19505626969.69697,975281348.4848486,0.0,0.0,1.389660438649424,1.382557925709931
62,c:\dev\monitor-backend_for_badger\simulations\data_worst_day\data_unified_2020_03_ETHUSDT.csv,1583974937762529.2,19505626969.69697,0.005159567169394297,140000000.0,19505626969.69697,975281348.4848486,0.0,0.0,1.391088789113183,1.382557925709931
63,c:\dev\monitor-backend_for_badger\simulations\data_worst_day\data_unified_2020_03_ETHUSDT.csv,1583975012211357.2,19505626969.69697,0.005164430629592508,140000000.0,19505626969.69697,975281348.4848486,0.0,0.0,1.3897787695886175,1.382557925709931
64,c:\dev\monitor-backend_for_badger\simulations\data_worst_day\data_unified_2020_03_ETHUSDT.csv,1583975079426118.5,19505626969.69697,0.005179622520974832,140000000.0,19505626969.69697,975281348.4848486,0.0,0.0,1.3857025327532975,1.382557925709931
65,c:\dev\monitor-backend_for_badger\simulations\data_worst_day\data_unified_2020_03_ETHUSDT.csv,1583975131451230.0,19505626969.69697,0.0051939386555714985,140000000.0,19505626969.69697,975281348.4848486,0.0,0.0,1.381883099123954,1.381883099123954
66,c:\dev\monitor-backend_for_badger\simulations\data_worst_day\data_unified_2020_03_ETHUSDT.csv,1583975189807520.2,19505626969.69697,0.005198193266226539,140000000.0,19505626969.69697,975281348.4848486,0.0,0.0,1.380752057191413,1.380752057191413
67,c:\dev\monitor-backend_for_badger\simulations\data_worst_day\data_unified_2020_03_ETHUSDT.csv,1583975248987070.2,19505626969.69697,0.005197729229606447,140000000.0,19505626969.69697,975281348.4848486,0.0,0.0,1.380875326313274,1.380752057191413
68,c:\dev\monitor-backend_for_badger\simulations\data_worst_day\data_unified_2020_03_ETHUSDT.csv,1583975312682670.8,19505626969.69697,0.0052019706143193786,140000000.0,19505626969.69697,975281348.4848486,0.0,0.0,1.3797494407722508,1.3797494407722508
69,c:\dev\monitor-backend_for_badger\simulations\data_worst_day\data_unified_2020_03_ETHUSDT.csv,1583975365900049.5,19505626969.69697,0.00519560179827009,140000000.0,19505626969.69697,975281348.4848486,0.0,0.0,1.38144075021504,1.3797494407722508
70,c:\dev\monitor-backend_for_badger\simulations\data_worst_day\data_unified_2020_03_ETHUSDT.csv,1583975428873494.0,19505626969.69697,0.00518926155122322,140000000.0,19505626969.69697,975281348.4848486,0.0,0.0,1.3831285964626265,1.3797494407722508
71,c:\dev\monitor-backend_for_badger\simulations\data_worst_day\data_unified_2020_03_ETHUSDT.csv,1583975494771948.2,19505626969.69697,0.005192472790398418,140000000.0,19505626969.69697,975281348.4848486,0.0,0.0,1.3822732127345674,1.3797494407722508
72,c:\dev\monitor-backend_for_badger\simulations\data_worst_day\data_unified_2020_03_ETHUSDT.csv,1583975545753380.2,19505626969.69697,0.0051913824959285045,140000000.0,19505626969.69697,975281348.4848486,0.0,0.0,1.3825635178394091,1.3797494407722508
73,c:\dev\monitor-backend_for_badger\simulations\data_worst_day\data_unified_2020_03_ETHUSDT.csv,1583975612701650.0,19505626969.69697,0.0051920899495458495,140000000.0,19505626969.69697,975281348.4848486,0.0,0.0,1.3823751352090214,1.3797494407722508
74,c:\dev\monitor-backend_for_badger\simulations\data_worst_day\data_unified_2020_03_ETHUSDT.csv,1583975660926486.0,19505626969.69697,0.0051850108469403315,140000000.0,19505626969.69697,975281348.4848486,0.0,0.0,1.3842624939263588,1.3797494407722508
75,c:\dev\monitor-backend_for_badger\simulations\data_worst_day\data_unified_2020_03_ETHUSDT.csv,1583975732146535.5,19505626969.69697,0.0051806176267232,140000000.0,19505626969.69697,975281348.4848486,0.0,0.0,1.3854363636099203,1.3797494407722508
76,c:\dev\monitor-backend_for_badger\simulations\data_worst_day\data_unified_2020_03_ETHUSDT.csv,1583975788133028.2,19505626969.69697,0.00517378226212115,140000000.0,19505626969.69697,975281348.4848486,0.0,0.0,1.387266738797439,1.3797494407722508
77,c:\dev\monitor-backend_for_badger\simulations\data_worst_day\data_unified_2020_03_ETHUSDT.csv,1583975856919281.2,19505626969.69697,0.005184803741534157,140000000.0,19505626969.69697,975281348.4848486,0.0,0.0,1.3843177878700352,1.3797494407722508
78,c:\dev\monitor-backend_for_badger\simulations\data_worst_day\data_unified_2020_03_ETHUSDT.csv,1583975912200736.0,19505626969.69697,0.005193371975944941,140000000.0,19505626969.69697,975281348.4848486,0.0,0.0,1.382033884587076,1.3797494407722508
79,c:\dev\monitor-backend_for_badger\simulations\data_worst_day\data_unified_2020_03_ETHUSDT.csv,1583975973911242.8,19505626969.69697,0.005200526640340703,140000000.0,19505626969.69697,975281348.4848486,0.0,0.0,1.3801325408748661,1.3797494407722508
80,c:\dev\monitor-backend_for_badger\simulations\data_worst_day\data_unified_2020_03_ETHUSDT.csv,1583976025986830.2,19505626969.69697,0.005197713545661631,140000000.0,19505626969.69697,975281348.4848486,0.0,0.0,1.3808794930631778,1.3797494407722508
81,c:\dev\monitor-backend_for_badger\simulations\data_worst_day\data_unified_2020_03_ETHUSDT.csv,1583976080780552.8,19505626969.69697,0.005197594642919636,140000000.0,19505626969.69697,975281348.4848486,0.0,0.0,1.380911082744438,1.3797494407722508
82,c:\dev\monitor-backend_for_badger\simulations\data_worst_day\data_unified_2020_03_ETHUSDT.csv,1583976159049134.0,19505626969.69697,0.005196095591611922,140000000.0,19505626969.69697,975281348.4848486,0.0,0.0,1.3813094696732249,1.3797494407722508
83,c:\dev\monitor-backend_for_badger\simulations\data_worst_day\data_unified_2020_03_ETHUSDT.csv,1583976208376504.8,19505626969.69697,0.005199085846301308,140000000.0,19505626969.69697,975281348.4848486,0.0,0.0,1.38051500940823,1.3797494407722508
84,c:\dev\monitor-backend_for_badger\simulations\data_worst_day\data_unified_2020_03_ETHUSDT.csv,1583976275254118.0,19505626969.69697,0.005204784884002367,140000000.0,19505626969.69697,975281348.4848486,0.0,0.0,1.3790033989841992,1.3790033989841992
85,c:\dev\monitor-backend_for_badger\simulations\data_worst_day\data_unified_2020_03_ETHUSDT.csv,1583976331651973.8,19505626969.69697,0.005205657471021251,140000000.0,19505626969.69697,975281348.4848486,0.0,0.0,1.3787722465367611,1.3787722465367611
86,c:\dev\monitor-backend_for_badger\simulations\data_worst_day\data_unified_2020_03_ETHUSDT.csv,1583976377372557.0,19505626969.69697,0.005202889584032446,140000000.0,19505626969.69697,975281348.4848486,0.0,0.0,1.3795057400503323,1.3787722465367611
87,c:\dev\monitor-backend_for_badger\simulations\data_worst_day\data_unified_2020_03_ETHUSDT.csv,1583976449936656.8,19505626969.69697,0.0052113280926650365,140000000.0,19505626969.69697,975281348.4848486,0.0,0.0,1.3772719580106816,1.3772719580106816
88,c:\dev\monitor-backend_for_badger\simulations\data_worst_day\data_unified_2020_03_ETHUSDT.csv,1583976511855560.0,19505626969.69697,0.005220819984034069,140000000.0,19505626969.69697,975281348.4848486,0.0,0.0,1.37476796134904,1.37476796134904
89,c:\dev\monitor-backend_for_badger\simulations\data_worst_day\data_unified_2020_03_ETHUSDT.csv,1583976569008545.5,19505626969.69697,0.005227864163378265,140000000.0,19505626969.69697,975281348.4848486,0.0,0.0,1.3729155581928456,1.3729155581928456
90,c:\dev\monitor-backend_for_badger\simulations\data_worst_day\data_unified_2020_03_ETHUSDT.csv,1583976626167945.2,19505626969.69697,0.005231453959703223,140000000.0,19505626969.69697,975281348.4848486,0.0,0.0,1.3719734707228535,1.3719734707228535
91,c:\dev\monitor-backend_for_badger\simulations\data_worst_day\data_unified_2020_03_ETHUSDT.csv,1583976692385459.5,19505626969.69697,0.005250965768766193,140000000.0,19505626969.69697,975281348.4848486,0.0,0.0,1.3668754210346539,1.3668754210346539
92,c:\dev\monitor-backend_for_badger\simulations\data_worst_day\data_unified_2020_03_ETHUSDT.csv,1583976753043181.5,19505626969.69697,0.005266124869800148,140000000.0,19505626969.69697,975281348.4848486,0.0,0.0,1.3629407246268415,1.3629407246268415
93,c:\dev\monitor-backend_for_badger\simulations\data_worst_day\data_unified_2020_03_ETHUSDT.csv,1583976810761116.5,19505626969.69697,0.0052580662172480065,140000000.0,19505626969.69697,975281348.4848486,0.0,0.0,1.365029603940096,1.3629407246268415
94,c:\dev\monitor-backend_for_badger\simulations\data_worst_day\data_unified_2020_03_ETHUSDT.csv,1583976870621474.5,19505626969.69697,0.005249406261444994,140000000.0,19505626969.69697,975281348.4848486,0.0,0.0,1.3672814959543884,1.3629407246268415
95,c:\dev\monitor-backend_for_badger\simulations\data_worst_day\data_unified_2020_03_ETHUSDT.csv,1583976931541055.8,19505626969.69697,0.005255101559538226,140000000.0,19505626969.69697,975281348.4848486,0.0,0.0,1.3657996833559836,1.3629407246268415
96,c:\dev\monitor-backend_for_badger\simulations\data_worst_day\data_unified_2020_03_ETHUSDT.csv,1583976982160532.8,19505626969.69697,0.005253439934232078,140000000.0,19505626969.69697,975281348.4848486,0.0,0.0,1.3662316759827966,1.3629407246268415
97,c:\dev\monitor-backend_for_badger\simulations\data_worst_day\data_unified_2020_03_ETHUSDT.csv,1583977056081430.8,19505626969.69697,0.005255295750147843,140000000.0,19505626969.69697,975281348.4848486,0.0,0.0,1.3657492151262711,1.3629407246268415
98,c:\dev\monitor-backend_for_badger\simulations\data_worst_day\data_unified_2020_03_ETHUSDT.csv,1583977107867958.8,19505626969.69697,0.005260510266956813,140000000.0,19505626969.69697,975281348.4848486,0.0,0.0,1.3643954068685729,1.3629407246268415
99,c:\dev\monitor-backend_for_badger\simulations\data_worst_day\data_unified_2020_03_ETHUSDT.csv,1583977167263891.5,19505626969.69697,0.0052692832604476865,140000000.0,19505626969.69697,975281348.4848486,0.0,0.0,1.3621237825447707,1.3621237825447707
100,c:\dev\monitor-backend_for_badger\simulations\data_worst_day\data_unified_2020_03_ETHUSDT.csv,1583977226982734.0,19505626969.69697,0.005267126898761261,140000000.0,19505626969.69697,975281348.4848486,0.0,0.0,1.3626814360042951,1.3621237825447707
101,c:\dev\monitor-backend_for_badger\simulations\data_worst_day\data_unified_2020_03_ETHUSDT.csv,1583977291503101.0,19505626969.69697,0.005269909338224812,140000000.0,19505626969.69697,975281348.4848486,0.0,0.0,1.3619619589961645,1.3619619589961645
102,c:\dev\monitor-backend_for_badger\simulations\data_worst_day\data_unified_2020_03_ETHUSDT.csv,1583977346279134.0,19505626969.69697,0.005269547603281305,140000000.0,19505626969.69697,975281348.4848486,0.0,0.0,1.3620554526448392,1.3619619589961645
103,c:\dev\monitor-backend_for_badger\simulations\data_worst_day\data_unified_2020_03_ETHUSDT.csv,1583977415331926.8,19505626969.69697,0.005269831243932451,140000000.0,19505626969.69697,975281348.4848486,0.0,0.0,1.3619821420818246,1.3619619589961645
104,c:\dev\monitor-backend_for_badger\simulations\data_worst_day\data_unified_2020_03_ETHUSDT.csv,1583977473973276.5,19505626969.69697,0.005273248604119414,140000000.0,19505626969.69697,975281348.4848486,0.0,0.0,1.3610995014371052,1.3610995014371052
105,c:\dev\monitor-backend_for_badger\simulations\data_worst_day\data_unified_2020_03_ETHUSDT.csv,1583977529088680.8,19505626969.69697,0.005282104333307914,140000000.0,19505626969.69697,975281348.4848486,0.0,0.0,1.3588175456439713,1.3588175456439713
106,c:\dev\monitor-backend_for_badger\simulations\data_worst_day\data_unified_2020_03_ETHUSDT.csv,1583977590843143.8,19505626969.69697,0.005288800128334895,140000000.0,19505626969.69697,975281348.4848486,0.0,0.0,1.3570972379099064,1.3570972379099064
107,c:\dev\monitor-backend_for_badger\simulations\data_worst_day\data_unified_2020_03_ETHUSDT.csv,1583977653733049.8,19505626969.69697,0.005288768634972549,140000000.0,19505626969.69697,975281348.4848486,0.0,0.0,1.3571053191019575,1.3570972379099064
108,c:\dev\monitor-backend_for_badger\simulations\data_worst_day\data_unified_2020_03_ETHUSDT.csv,1583977711488074.2,19505626969.69697,0.005292400230175398,140000000.0,19505626969.69697,975281348.4848486,0.0,0.0,1.3561740862109695,1.3561740862109695
109,c:\dev\monitor-backend_for_badger\simulations\data_worst_day\data_unified_2020_03_ETHUSDT.csv,1583977769320452.2,19505626969.69697,0.005289935724065499,140000000.0,19505626969.69697,975281348.4848486,0.0,0.0,1.356805908504452,1.3561740862109695
110,c:\dev\monitor-backend_for_badger\simulations\data_worst_day\data_unified_2020_03_ETHUSDT.csv,1583977833118179.0,19505626969.69697,0.005284346029892431,140000000.0,19505626969.69697,975281348.4848486,0.0,0.0,1.358241115441668,1.3561740862109695
111,c:\dev\monitor-backend_for_badger\simulations\data_worst_day\data_unified_2020_03_ETHUSDT.csv,1583977896104883.0,19505626969.69697,0.005307064958960313,140000000.0,19505626969.69697,975281348.4848486,0.0,0.0,1.352426642885288,1.352426642885288
112,c:\dev\monitor-backend_for_badger\simulations\data_worst_day\data_unified_2020_03_ETHUSDT.csv,1583977948965640.8,19505626969.69697,0.005324164432193474,140000000.0,19505626969.69697,975281348.4848486,0.0,0.0,1.3480830912398887,1.3480830912398887
113,c:\dev\monitor-backend_for_badger\simulations\data_worst_day\data_unified_2020_03_ETHUSDT.csv,1583978012475325.8,19505626969.69697,0.005320195238333605,140000000.0,19505626969.69697,975281348.4848486,0.0,0.0,1.3490888443915379,1.3480830912398887
114,c:\dev\monitor-backend_for_badger\simulations\data_worst_day\data_unified_2020_03_ETHUSDT.csv,1583978069349706.8,19505626969.69697,0.005336515724786493,140000000.0,19505626969.69697,975281348.4848486,0.0,0.0,1.3449629713792335,1.3449629713792335
115,c:\dev\monitor-backend_for_badger\simulations\data_worst_day\data_unified_2020_03_ETHUSDT.csv,1583978129522953.8,19505626969.69697,0.005356005103326111,140000000.0,19505626969.69697,975281348.4848486,0.0,0.0,1.3400689333853746,1.3400689333853746
116,c:\dev\monitor-backend_for_badger\simulations\data_worst_day\data_unified_2020_03_ETHUSDT.csv,1583978196307678.5,19505626969.69697,0.00537078871387545,140000000.0,19505626969.69697,975281348.4848486,0.0,0.0,1.3363802652444636,1.3363802652444636
117,c:\dev\monitor-backend_for_badger\simulations\data_worst_day\data_unified_2020_03_ETHUSDT.csv,1583978249739621.8,19505626969.69697,0.00539952117928299,140000000.0,19505626969.69697,975281348.4848486,0.0,0.0,1.3292689865833518,1.3292689865833518
118,c:\dev\monitor-backend_for_badger\simulations\data_worst_day\data_unified_2020_03_ETHUSDT.csv,1583978306156805.8,19505626969.69697,0.005395983198125607,140000000.0,19505626969.69697,975281348.4848486,0.0,0.0,1.3301405476047536,1.3292689865833518
119,c:\dev\monitor-backend_for_badger\simulations\data_worst_day\data_unified_2020_03_ETHUSDT.csv,1583978369594341.0,19505626969.69697,0.005407141238379413,140000000.0,19505626969.69697,975281348.4848486,0.0,0.0,1.3273957031261134,1.3273957031261134
120,c:\dev\monitor-backend_for_badger\simulations\data_worst_day\data_unified_2020_03_ETHUSDT.csv,1583978428725183.2,19505626969.69697,0.0053933571342201485,140000000.0,19505626969.69697,975281348.4848486,0.0,0.0,1.3307882024872923,1.3273957031261134
121,c:\dev\monitor-backend_for_badger\simulations\data_worst_day\data_unified_2020_03_ETHUSDT.csv,1583978489083383.0,19505626969.69697,0.005374923249543557,140000000.0,19505626969.69697,975281348.4848486,0.0,0.0,1.3353522855661906,1.3273957031261134
122,c:\dev\monitor-backend_for_badger\simulations\data_worst_day\data_unified_2020_03_ETHUSDT.csv,1583978545596025.5,19505626969.69697,0.005366778070239602,140000000.0,19505626969.69697,975281348.4848486,0.0,0.0,1.3373789547627792,1.3273957031261134
123,c:\dev\monitor-backend_for_badger\simulations\data_worst_day\data_unified_2020_03_ETHUSDT.csv,1583978616665423.5,19505626969.69697,0.005352230480115362,140000000.0,19505626969.69697,975281348.4848486,0.0,0.0,1.3410140076527763,1.3273957031261134
124,c:\dev\monitor-backend_for_badger\simulations\data_worst_day\data_unified_2020_03_ETHUSDT.csv,1583978665741087.5,19505626969.69697,0.005361771459090816,140000000.0,19505626969.69697,975281348.4848486,0.0,0.0,1.3386277465914043,1.3273957031261134
125,c:\dev\monitor-backend_for_badger\simulations\data_worst_day\data_unified_2020_03_ETHUSDT.csv,1583978718404854.0,19505626969.69697,0.005365452156217576,140000000.0,19505626969.69697,975281348.4848486,0.0,0.0,1.337709448718788,1.3273957031261134
126,c:\dev\monitor-backend_for_badger\simulations\data_worst_day\data_unified_2020_03_ETHUSDT.csv,1583978787666701.2,19505626969.69697,0.005353613395208384,140000000.0,19505626969.69697,975281348.4848486,0.0,0.0,1.3406676045089114,1.3273957031261134
127,c:\dev\monitor-backend_for_badger\simulations\data_worst_day\data_unified_2020_03_ETHUSDT.csv,1583978849784275.8,19505626969.69697,0.005355374637743111,140000000.0,19505626969.69697,975281348.4848486,0.0,0.0,1.3402266940274392,1.3273957031261134
128,c:\dev\monitor-backend_for_badger\simulations\data_worst_day\data_unified_2020_03_ETHUSDT.csv,1583978911200378.2,19505626969.69697,0.0053576890102099,140000000.0,19505626969.69697,975281348.4848486,0.0,0.0,1.3396477534144247,1.3273957031261134
129,c:\dev\monitor-backend_for_badger\simulations\data_worst_day\data_unified_2020_03_ETHUSDT.csv,1583978971643068.5,19505626969.69697,0.00536498671019663,140000000.0,19505626969.69697,975281348.4848486,0.0,0.0,1.3378255033473865,1.3273957031261134
130,c:\dev\monitor-backend_for_badger\simulations\data_worst_day\data_unified_2020_03_ETHUSDT.csv,1583979033319470.0,19505626969.69697,0.00538316786953646,140000000.0,19505626969.69697,975281348.4848486,0.0,0.0,1.3333071195193635,1.3273957031261134
131,c:\dev\monitor-backend_for_badger\simulations\data_worst_day\data_unified_2020_03_ETHUSDT.csv,1583979091994327.2,19505626969.69697,0.005423512325122075,140000000.0,19505626969.69697,975281348.4848486,0.0,0.0,1.323388906626905,1.323388906626905
132,c:\dev\monitor-backend_for_badger\simulations\data_worst_day\data_unified_2020_03_ETHUSDT.csv,1583979151488158.0,19505626969.69697,0.005437927663534156,140000000.0,19505626969.69697,975281348.4848486,0.0,0.0,1.3198807505571306,1.3198807505571306
133,c:\dev\monitor-backend_for_badger\simulations\data_worst_day\data_unified_2020_03_ETHUSDT.csv,1583979210121361.8,19505626969.69697,0.0054212072762486,140000000.0,19505626969.69697,975281348.4848486,0.0,0.0,1.3239515997601767,1.3198807505571306
134,c:\dev\monitor-backend_for_badger\simulations\data_worst_day\data_unified_2020_03_ETHUSDT.csv,1583979270678295.2,19505626969.69697,0.005428153176089078,140000000.0,19505626969.69697,975281348.4848486,0.0,0.0,1.3222574627475951,1.3198807505571306
135,c:\dev\monitor-backend_for_badger\simulations\data_worst_day\data_unified_2020_03_ETHUSDT.csv,1583979332610493.0,19505626969.69697,0.005448581411322252,140000000.0,19505626969.69697,975281348.4848486,0.0,0.0,1.3172999546461843,1.3172999546461843
136,c:\dev\monitor-backend_for_badger\simulations\data_worst_day\data_unified_2020_03_ETHUSDT.csv,1583979392504352.8,19505626969.69697,0.00544274267272416,140000000.0,19505626969.69697,975281348.4848486,0.0,0.0,1.31871309698139,1.3172999546461843
137,c:\dev\monitor-backend_for_badger\simulations\data_worst_day\data_unified_2020_03_ETHUSDT.csv,1583979450338985.8,19505626969.69697,0.005412105635729395,140000000.0,19505626969.69697,975281348.4848486,0.0,0.0,1.3261781142328974,1.3172999546461843
138,c:\dev\monitor-backend_for_badger\simulations\data_worst_day\data_unified_2020_03_ETHUSDT.csv,1583979511302771.2,19505626969.69697,0.0054203033826238515,140000000.0,19505626969.69697,975281348.4848486,0.0,0.0,1.3241723828651109,1.3172999546461843
139,c:\dev\monitor-backend_for_badger\simulations\data_worst_day\data_unified_2020_03_ETHUSDT.csv,1583979569909323.8,19505626969.69697,0.005401890323528978,140000000.0,19505626969.69697,975281348.4848486,0.0,0.0,1.3286859999282512,1.3172999546461843
140,c:\dev\monitor-backend_for_badger\simulations\data_worst_day\data_unified_2020_03_ETHUSDT.csv,1583979625619843.0,19505626969.69697,0.005394807409271616,140000000.0,19505626969.69697,975281348.4848486,0.0,0.0,1.3304304494143024,1.3172999546461843
141,c:\dev\monitor-backend_for_badger\simulations\data_worst_day\data_unified_2020_03_ETHUSDT.csv,1583979686338188.2,19505626969.69697,0.005392413145066261,140000000.0,19505626969.69697,975281348.4848486,0.0,0.0,1.3310211686186837,1.3172999546461843
142,c:\dev\monitor-backend_for_badger\simulations\data_worst_day\data_unified_2020_03_ETHUSDT.csv,1583979751957684.8,19505626969.69697,0.005384521862986086,140000000.0,19505626969.69697,975281348.4848486,0.0,0.0,1.3329718457193667,1.3172999546461843
143,c:\dev\monitor-backend_for_badger\simulations\data_worst_day\data_unified_2020_03_ETHUSDT.csv,1583979807042977.8,19505626969.69697,0.005380757418821987,140000000.0,19505626969.69697,975281348.4848486,0.0,0.0,1.3339044092406236,1.3172999546461843
144,c:\dev\monitor-backend_for_badger\simulations\data_worst_day\data_unified_2020_03_ETHUSDT.csv,1583979869602474.0,19505626969.69697,0.0053929471580167285,140000000.0,19505626969.69697,975281348.4848486,0.0,0.0,1.3308893700824542,1.3172999546461843
145,c:\dev\monitor-backend_for_badger\simulations\data_worst_day\data_unified_2020_03_ETHUSDT.csv,1583979929277596.0,19505626969.69697,0.00540056803178145,140000000.0,19505626969.69697,975281348.4848486,0.0,0.0,1.3290113195098994,1.3172999546461843
146,c:\dev\monitor-backend_for_badger\simulations\data_worst_day\data_unified_2020_03_ETHUSDT.csv,1583979991686839.5,19505626969.69697,0.005401333478203716,140000000.0,19505626969.69697,975281348.4848486,0.0,0.0,1.3288229795446345,1.3172999546461843
147,c:\dev\monitor-backend_for_badger\simulations\data_worst_day\data_unified_2020_03_ETHUSDT.csv,1583980051889328.2,19505626969.69697,0.005419255466026319,140000000.0,19505626969.69697,975281348.4848486,0.0,0.0,1.3244284368981227,1.3172999546461843
148,c:\dev\monitor-backend_for_badger\simulations\data_worst_day\data_unified_2020_03_ETHUSDT.csv,1583980111671205.2,19505626969.69697,0.005406073230335737,140000000.0,19505626969.69697,975281348.4848486,0.0,0.0,1.3276579395457246,1.3172999546461843
149,c:\dev\monitor-backend_for_badger\simulations\data_worst_day\data_unified_2020_03_ETHUSDT.csv,1583980170796376.8,19505626969.69697,0.005395646536267812,140000000.0,19505626969.69697,975281348.4848486,0.0,0.0,1.3302235418455504,1.3172999546461843
150,c:\dev\monitor-backend_for_badger\simulations\data_worst_day\data_unified_2020_03_ETHUSDT.csv,1583980230933168.0,19505626969.69697,0.005395007912118431,140000000.0,19505626969.69697,975281348.4848486,0.0,0.0,1.3303810046133044,1.3172999546461843
151,c:\dev\monitor-backend_for_badger\simulations\data_worst_day\data_unified_2020_03_ETHUSDT.csv,1583980286236319.2,19505626969.69697,0.005382057850715984,140000000.0,19505626969.69697,975281348.4848486,0.0,0.0,1.3335821065293867,1.3172999546461843
152,c:\dev\monitor-backend_for_badger\simulations\data_worst_day\data_unified_2020_03_ETHUSDT.csv,1583980350823164.0,19505626969.69697,0.005358556723940019,140000000.0,19505626969.69697,975281348.4848486,0.0,0.0,1.3394308235937573,1.3172999546461843
153,c:\dev\monitor-backend_for_badger\simulations\data_worst_day\data_unified_2020_03_ETHUSDT.csv,1583980408446082.8,19505626969.69697,0.005342012119378606,140000000.0,19505626969.69697,975281348.4848486,0.0,0.0,1.343579139400331,1.3172999546461843
154,c:\dev\monitor-backend_for_badger\simulations\data_worst_day\data_unified_2020_03_ETHUSDT.csv,1583980469683797.2,19505626969.69697,0.005341208194559162,140000000.0,19505626969.69697,975281348.4848486,0.0,0.0,1.3437813664204554,1.3172999546461843
155,c:\dev\monitor-backend_for_badger\simulations\data_worst_day\data_unified_2020_03_ETHUSDT.csv,1583980531700337.0,19505626969.69697,0.005334636284572259,140000000.0,19505626969.69697,975281348.4848486,0.0,0.0,1.34543681389824,1.3172999546461843
156,c:\dev\monitor-backend_for_badger\simulations\data_worst_day\data_unified_2020_03_ETHUSDT.csv,1583980590151106.2,19505626969.69697,0.005349105030176662,140000000.0,19505626969.69697,975281348.4848486,0.0,0.0,1.3417975540823883,1.3172999546461843
157,c:\dev\monitor-backend_for_badger\simulations\data_worst_day\data_unified_2020_03_ETHUSDT.csv,1583980648568416.2,19505626969.69697,0.005353150464854244,140000000.0,19505626969.69697,975281348.4848486,0.0,0.0,1.3407835429143449,1.3172999546461843
158,c:\dev\monitor-backend_for_badger\simulations\data_worst_day\data_unified_2020_03_ETHUSDT.csv,1583980717892280.2,19505626969.69697,0.005363668378984801,140000000.0,19505626969.69697,975281348.4848486,0.0,0.0,1.338154326270883,1.3172999546461843
159,c:\dev\monitor-backend_for_badger\simulations\data_worst_day\data_unified_2020_03_ETHUSDT.csv,1583980769339780.8,19505626969.69697,0.0053581294257736035,140000000.0,19505626969.69697,975281348.4848486,0.0,0.0,1.339537640038356,1.3172999546461843
160,c:\dev\monitor-backend_for_badger\simulations\data_worst_day\data_unified_2020_03_ETHUSDT.csv,1583980830673648.2,19505626969.69697,0.005349660749301109,140000000.0,19505626969.69697,975281348.4848486,0.0,0.0,1.341658169063995,1.3172999546461843
161,c:\dev\monitor-backend_for_badger\simulations\data_worst_day\data_unified_2020_03_ETHUSDT.csv,1583980888907268.0,19505626969.69697,0.005362109926368407,140000000.0,19505626969.69697,975281348.4848486,0.0,0.0,1.3385432496871412,1.3172999546461843
162,c:\dev\monitor-backend_for_badger\simulations\data_worst_day\data_unified_2020_03_ETHUSDT.csv,1583980952128289.2,19505626969.69697,0.005364304407687133,140000000.0,19505626969.69697,975281348.4848486,0.0,0.0,1.3379956655210496,1.3172999546461843
163,c:\dev\monitor-backend_for_badger\simulations\data_worst_day\data_unified_2020_03_ETHUSDT.csv,1583981004435710.5,19505626969.69697,0.005365796441640418,140000000.0,19505626969.69697,975281348.4848486,0.0,0.0,1.337623617310869,1.3172999546461843
164,c:\dev\monitor-backend_for_badger\simulations\data_worst_day\data_unified_2020_03_ETHUSDT.csv,1583981070195506.8,19505626969.69697,0.005361670175024148,140000000.0,19505626969.69697,975281348.4848486,0.0,0.0,1.3386530337980964,1.3172999546461843
165,c:\dev\monitor-backend_for_badger\simulations\data_worst_day\data_unified_2020_03_ETHUSDT.csv,1583981137474848.2,19505626969.69697,0.005362483891741704,140000000.0,19505626969.69697,975281348.4848486,0.0,0.0,1.3384499032387138,1.3172999546461843
166,c:\dev\monitor-backend_for_badger\simulations\data_worst_day\data_unified_2020_03_ETHUSDT.csv,1583981187551383.8,19505626969.69697,0.005388600154097006,140000000.0,19505626969.69697,975281348.4848486,0.0,0.0,1.3319630035202712,1.3172999546461843
167,c:\dev\monitor-backend_for_badger\simulations\data_worst_day\data_unified_2020_03_ETHUSDT.csv,1583981245864067.5,19505626969.69697,0.005406725922319319,140000000.0,19505626969.69697,975281348.4848486,0.0,0.0,1.327497666636291,1.3172999546461843
168,c:\dev\monitor-backend_for_badger\simulations\data_worst_day\data_unified_2020_03_ETHUSDT.csv,1583981315252579.0,19505626969.69697,0.005410217703700085,140000000.0,19505626969.69697,975281348.4848486,0.0,0.0,1.3266408930480118,1.3172999546461843
169,c:\dev\monitor-backend_for_badger\simulations\data_worst_day\data_unified_2020_03_ETHUSDT.csv,1583981362272645.8,19505626969.69697,0.005399185927358749,140000000.0,19505626969.69697,975281348.4848486,0.0,0.0,1.3293515249496133,1.3172999546461843
170,c:\dev\monitor-backend_for_badger\simulations\data_worst_day\data_unified_2020_03_ETHUSDT.csv,1583981434130920.5,19505626969.69697,0.005414465599765391,140000000.0,19505626969.69697,975281348.4848486,0.0,0.0,1.3256000825514234,1.3172999546461843
171,c:\dev\monitor-backend_for_badger\simulations\data_worst_day\data_unified_2020_03_ETHUSDT.csv,1583981489802412.5,19505626969.69697,0.005416842107354513,140000000.0,19505626969.69697,975281348.4848486,0.0,0.0,1.3250185077899868,1.3172999546461843
172,c:\dev\monitor-backend_for_badger\simulations\data_worst_day\data_unified_2020_03_ETHUSDT.csv,1583981547616999.0,19505626969.69697,0.00541117858158241,140000000.0,19505626969.69697,975281348.4848486,0.0,0.0,1.3264053177712587,1.3172999546461843
173,c:\dev\monitor-backend_for_badger\simulations\data_worst_day\data_unified_2020_03_ETHUSDT.csv,1583981608112548.5,19505626969.69697,0.0054131549908453085,140000000.0,19505626969.69697,975281348.4848486,0.0,0.0,1.3259210309254479,1.3172999546461843
174,c:\dev\monitor-backend_for_badger\simulations\data_worst_day\data_unified_2020_03_ETHUSDT.csv,1583981669546675.8,19505626969.69697,0.005403918291180076,140000000.0,19505626969.69697,975281348.4848486,0.0,0.0,1.328187374286424,1.3172999546461843
175,c:\dev\monitor-backend_for_badger\simulations\data_worst_day\data_unified_2020_03_ETHUSDT.csv,1583981726875397.2,19505626969.69697,0.005415411761578002,140000000.0,19505626969.69697,975281348.4848486,0.0,0.0,1.325368478338831,1.3172999546461843
176,c:\dev\monitor-backend_for_badger\simulations\data_worst_day\data_unified_2020_03_ETHUSDT.csv,1583981791226545.5,19505626969.69697,0.0054151186756823755,140000000.0,19505626969.69697,975281348.4848486,0.0,0.0,1.3254402120958868,1.3172999546461843
177,c:\dev\monitor-backend_for_badger\simulations\data_worst_day\data_unified_2020_03_ETHUSDT.csv,1583981845127255.8,19505626969.69697,0.005408457207675745,140000000.0,19505626969.69697,975281348.4848486,0.0,0.0,1.3270727252560257,1.3172999546461843
178,c:\dev\monitor-backend_for_badger\simulations\data_worst_day\data_unified_2020_03_ETHUSDT.csv,1583981907069426.5,19505626969.69697,0.0054028596408315106,140000000.0,19505626969.69697,975281348.4848486,0.0,0.0,1.328447622769676,1.3172999546461843
179,c:\dev\monitor-backend_for_badger\simulations\data_worst_day\data_unified_2020_03_ETHUSDT.csv,1583981968852103.8,19505626969.69697,0.005416478143135738,140000000.0,19505626969.69697,975281348.4848486,0.0,0.0,1.3251075433797752,1.3172999546461843
180,c:\dev\monitor-backend_for_badger\simulations\data_worst_day\data_unified_2020_03_ETHUSDT.csv,1583982031043154.5,19505626969.69697,0.005433346054273065,140000000.0,19505626969.69697,975281348.4848486,0.0,0.0,1.3209937254734867,1.3172999546461843
181,c:\dev\monitor-backend_for_badger\simulations\data_worst_day\data_unified_2020_03_ETHUSDT.csv,1583982087460079.5,19505626969.69697,0.005431854216284427,140000000.0,19505626969.69697,975281348.4848486,0.0,0.0,1.3213565313485975,1.3172999546461843
182,c:\dev\monitor-backend_for_badger\simulations\data_worst_day\data_unified_2020_03_ETHUSDT.csv,1583982150106421.2,19505626969.69697,0.00542202105378422,140000000.0,19505626969.69697,975281348.4848486,0.0,0.0,1.3237528911864835,1.3172999546461843
183,c:\dev\monitor-backend_for_badger\simulations\data_worst_day\data_unified_2020_03_ETHUSDT.csv,1583982209631130.0,19505626969.69697,0.005423406363124574,140000000.0,19505626969.69697,975281348.4848486,0.0,0.0,1.3234147628734456,1.3172999546461843
184,c:\dev\monitor-backend_for_badger\simulations\data_worst_day\data_unified_2020_03_ETHUSDT.csv,1583982269213529.2,19505626969.69697,0.005402227417549996,140000000.0,19505626969.69697,975281348.4848486,0.0,0.0,1.3286030911441946,1.3172999546461843
185,c:\dev\monitor-backend_for_badger\simulations\data_worst_day\data_unified_2020_03_ETHUSDT.csv,1583982327934872.0,19505626969.69697,0.0054005851229032426,140000000.0,19505626969.69697,975281348.4848486,0.0,0.0,1.3290071136148327,1.3172999546461843
186,c:\dev\monitor-backend_for_badger\simulations\data_worst_day\data_unified_2020_03_ETHUSDT.csv,1583982389311440.8,19505626969.69697,0.00539887475730623,140000000.0,19505626969.69697,975281348.4848486,0.0,0.0,1.3294281435789441,1.3172999546461843
187,c:\dev\monitor-backend_for_badger\simulations\data_worst_day\data_unified_2020_03_ETHUSDT.csv,1583982452371997.8,19505626969.69697,0.005391492974989777,140000000.0,19505626969.69697,975281348.4848486,0.0,0.0,1.331248334981732,1.3172999546461843
188,c:\dev\monitor-backend_for_badger\simulations\data_worst_day\data_unified_2020_03_ETHUSDT.csv,1583982513807152.2,19505626969.69697,0.005390146982101894,140000000.0,19505626969.69697,975281348.4848486,0.0,0.0,1.331580765766429,1.3172999546461843
189,c:\dev\monitor-backend_for_badger\simulations\data_worst_day\data_unified_2020_03_ETHUSDT.csv,1583982568033281.2,19505626969.69697,0.0053883073502375015,140000000.0,19505626969.69697,975281348.4848486,0.0,0.0,1.332035383190323,1.3172999546461843
190,c:\dev\monitor-backend_for_badger\simulations\data_worst_day\data_unified_2020_03_ETHUSDT.csv,1583982632177173.2,19505626969.69697,0.005401694993789421,140000000.0,19505626969.69697,975281348.4848486,0.0,0.0,1.328734046308252,1.3172999546461843
191,c:\dev\monitor-backend_for_badger\simulations\data_worst_day\data_unified_2020_03_ETHUSDT.csv,1583982686296162.8,19505626969.69697,0.0054112362656059485,140000000.0,19505626969.69697,975281348.4848486,0.0,0.0,1.3263911782305295,1.3172999546461843
192,c:\dev\monitor-backend_for_badger\simulations\data_worst_day\data_unified_2020_03_ETHUSDT.csv,1583982747102852.2,19505626969.69697,0.005415881066669418,140000000.0,19505626969.69697,975281348.4848486,0.0,0.0,1.3252536305112608,1.3172999546461843
193,c:\dev\monitor-backend_for_badger\simulations\data_worst_day\data_unified_2020_03_ETHUSDT.csv,1583982810572257.2,19505626969.69697,0.005423945495199757,140000000.0,19505626969.69697,975281348.4848486,0.0,0.0,1.323283217424092,1.3172999546461843
194,c:\dev\monitor-backend_for_badger\simulations\data_worst_day\data_unified_2020_03_ETHUSDT.csv,1583982867636247.0,19505626969.69697,0.005425609197770611,140000000.0,19505626969.69697,975281348.4848486,0.0,0.0,1.3228774473786378,1.3172999546461843
195,c:\dev\monitor-backend_for_badger\simulations\data_worst_day\data_unified_2020_03_ETHUSDT.csv,1583982930949864.5,19505626969.69697,0.005421216349772121,140000000.0,19505626969.69697,975281348.4848486,0.0,0.0,1.3239493838541503,1.3172999546461843
196,c:\dev\monitor-backend_for_badger\simulations\data_worst_day\data_unified_2020_03_ETHUSDT.csv,1583982985149931.2,19505626969.69697,0.0054188592482426745,140000000.0,19505626969.69697,975281348.4848486,0.0,0.0,1.324525276855727,1.3172999546461843
197,c:\dev\monitor-backend_for_badger\simulations\data_worst_day\data_unified_2020_03_ETHUSDT.csv,1583983052836956.5,19505626969.69697,0.0054086104411428726,140000000.0,19505626969.69697,975281348.4848486,0.0,0.0,1.3270351274373189,1.3172999546461843
198,c:\dev\monitor-backend_for_badger\simulations\data_worst_day\data_unified_2020_03_ETHUSDT.csv,1583983106695650.0,19505626969.69697,0.005406471696853062,140000000.0,19505626969.69697,975281348.4848486,0.0,0.0,1.327560088809601,1.3172999546461843
199,c:\dev\monitor-backend_for_badger\simulations\data_worst_day\data_unified_2020_03_ETHUSDT.csv,1583983166020227.8,19505626969.69697,0.005413492745815232,140000000.0,19505626969.69697,975281348.4848486,0.0,0.0,1.3258383049592466,1.3172999546461843
200,c:\dev\monitor-backend_for_badger\simulations\data_worst_day\data_unified_2020_03_ETHUSDT.csv,1583983230415343.2,19505626969.69697,0.005404820428879329,140000000.0,19505626969.69697,975281348.4848486,0.0,0.0,1.3279656818328482,1.3172999546461843
201,c:\dev\monitor-backend_for_badger\simulations\data_worst_day\data_unified_2020_03_ETHUSDT.csv,1583983291448795.0,19505626969.69697,0.0054072285841612125,140000000.0,19505626969.69697,975281348.4848486,0.0,0.0,1.3273742610114252,1.3172999546461843
202,c:\dev\monitor-backend_for_badger\simulations\data_worst_day\data_unified_2020_03_ETHUSDT.csv,1583983349465181.8,19505626969.69697,0.005408165210537172,140000000.0,19505626969.69697,975281348.4848486,0.0,0.0,1.327144376439628,1.3172999546461843
203,c:\dev\monitor-backend_for_badger\simulations\data_worst_day\data_unified_2020_03_ETHUSDT.csv,1583983412881168.8,19505626969.69697,0.005412313916211697,140000000.0,19505626969.69697,975281348.4848486,0.0,0.0,1.3261270793111382,1.3172999546461843
204,c:\dev\monitor-backend_for_badger\simulations\data_worst_day\data_unified_2020_03_ETHUSDT.csv,1583983468178165.2,19505626969.69697,0.005415512992415494,140000000.0,19505626969.69697,975281348.4848486,0.0,0.0,1.3253437035554936,1.3172999546461843
205,c:\dev\monitor-backend_for_badger\simulations\data_worst_day\data_unified_2020_03_ETHUSDT.csv,1583983527647206.2,19505626969.69697,0.005412821546764683,140000000.0,19505626969.69697,975281348.4848486,0.0,0.0,1.3260027111573418,1.3172999546461843
206,c:\dev\monitor-backend_for_badger\simulations\data_worst_day\data_unified_2020_03_ETHUSDT.csv,1583983591815641.2,19505626969.69697,0.005416985447784581,140000000.0,19505626969.69697,975281348.4848486,0.0,0.0,1.3249834460892336,1.3172999546461843
207,c:\dev\monitor-backend_for_badger\simulations\data_worst_day\data_unified_2020_03_ETHUSDT.csv,1583983648609008.0,19505626969.69697,0.005415245937228833,140000000.0,19505626969.69697,975281348.4848486,0.0,0.0,1.3254090634512854,1.3172999546461843
208,c:\dev\monitor-backend_for_badger\simulations\data_worst_day\data_unified_2020_03_ETHUSDT.csv,1583983707764979.5,19505626969.69697,0.0054089408123308026,140000000.0,19505626969.69697,975281348.4848486,0.0,0.0,1.3269540738287313,1.3172999546461843
209,c:\dev\monitor-backend_for_badger\simulations\data_worst_day\data_unified_2020_03_ETHUSDT.csv,1583983766060925.5,19505626969.69697,0.005418139404909954,140000000.0,19505626969.69697,975281348.4848486,0.0,0.0,1.3247012506759466,1.3172999546461843
210,c:\dev\monitor-backend_for_badger\simulations\data_worst_day\data_unified_2020_03_ETHUSDT.csv,1583983831302899.0,19505626969.69697,0.0054200590461146265,140000000.0,19505626969.69697,975281348.4848486,0.0,0.0,1.3242320766165787,1.3172999546461843
211,c:\dev\monitor-backend_for_badger\simulations\data_worst_day\data_unified_2020_03_ETHUSDT.csv,1583983887922804.8,19505626969.69697,0.0054103911400328495,140000000.0,19505626969.69697,975281348.4848486,0.0,0.0,1.3265983660429526,1.3172999546461843
212,c:\dev\monitor-backend_for_badger\simulations\data_worst_day\data_unified_2020_03_ETHUSDT.csv,1583983944018943.2,19505626969.69697,0.005404563464206448,140000000.0,19505626969.69697,975281348.4848486,0.0,0.0,1.3280288211167681,1.3172999546461843
213,c:\dev\monitor-backend_for_badger\simulations\data_worst_day\data_unified_2020_03_ETHUSDT.csv,1583984007411675.5,19505626969.69697,0.005405036429686439,140000000.0,19505626969.69697,975281348.4848486,0.0,0.0,1.3279126125033769,1.3172999546461843
214,c:\dev\monitor-backend_for_badger\simulations\data_worst_day\data_unified_2020_03_ETHUSDT.csv,1583984069472026.5,19505626969.69697,0.005393813748193956,140000000.0,19505626969.69697,975281348.4848486,0.0,0.0,1.3306755444464695,1.3172999546461843
215,c:\dev\monitor-backend_for_badger\simulations\data_worst_day\data_unified_2020_03_ETHUSDT.csv,1583984125887186.2,19505626969.69697,0.005394812049308405,140000000.0,19505626969.69697,975281348.4848486,0.0,0.0,1.3304293051211975,1.3172999546461843
216,c:\dev\monitor-backend_for_badger\simulations\data_worst_day\data_unified_2020_03_ETHUSDT.csv,1583984191212304.5,19505626969.69697,0.005401752138834571,140000000.0,19505626969.69697,975281348.4848486,0.0,0.0,1.3287199896530932,1.3172999546461843
217,c:\dev\monitor-backend_for_badger\simulations\data_worst_day\data_unified_2020_03_ETHUSDT.csv,1583984253258704.5,19505626969.69697,0.0053949865418542195,140000000.0,19505626969.69697,975281348.4848486,0.0,0.0,1.330386274430634,1.3172999546461843
218,c:\dev\monitor-backend_for_badger\simulations\data_worst_day\data_unified_2020_03_ETHUSDT.csv,1583984314351902.8,19505626969.69697,0.005394905570546635,140000000.0,19505626969.69697,975281348.4848486,0.0,0.0,1.3304062419935179,1.3172999546461843
219,c:\dev\monitor-backend_for_badger\simulations\data_worst_day\data_unified_2020_03_ETHUSDT.csv,1583984369314901.2,19505626969.69697,0.00539248574249942,140000000.0,19505626969.69697,975281348.4848486,0.0,0.0,1.331003249476207,1.3172999546461843
220,c:\dev\monitor-backend_for_badger\simulations\data_worst_day\data_unified_2020_03_ETHUSDT.csv,1583984433867172.2,19505626969.69697,0.005390379777569265,140000000.0,19505626969.69697,975281348.4848486,0.0,0.0,1.331523258507293,1.3172999546461843
221,c:\dev\monitor-backend_for_badger\simulations\data_worst_day\data_unified_2020_03_ETHUSDT.csv,1583984491313947.0,19505626969.69697,0.005398820994844419,140000000.0,19505626969.69697,975281348.4848486,0.0,0.0,1.3294413822712197,1.3172999546461843
222,c:\dev\monitor-backend_for_badger\simulations\data_worst_day\data_unified_2020_03_ETHUSDT.csv,1583984549985585.2,19505626969.69697,0.005402521500727,140000000.0,19505626969.69697,975281348.4848486,0.0,0.0,1.3285307693925887,1.3172999546461843
223,c:\dev\monitor-backend_for_badger\simulations\data_worst_day\data_unified_2020_03_ETHUSDT.csv,1583984608575425.0,19505626969.69697,0.0054032221419524126,140000000.0,19505626969.69697,975281348.4848486,0.0,0.0,1.3283584974774592,1.3172999546461843
224,c:\dev\monitor-backend_for_badger\simulations\data_worst_day\data_unified_2020_03_ETHUSDT.csv,1583984675859069.2,19505626969.69697,0.0054088810368487965,140000000.0,19505626969.69697,975281348.4848486,0.0,0.0,1.3269687384735667,1.3172999546461843
225,c:\dev\monitor-backend_for_badger\simulations\data_worst_day\data_unified_2020_03_ETHUSDT.csv,1583984728403778.8,19505626969.69697,0.005418772027101068,140000000.0,19505626969.69697,975281348.4848486,0.0,0.0,1.3245465965580796,1.3172999546461843
226,c:\dev\monitor-backend_for_badger\simulations\data_worst_day\data_unified_2020_03_ETHUSDT.csv,1583984794085257.2,19505626969.69697,0.005423180682278632,140000000.0,19505626969.69697,975281348.4848486,0.0,0.0,1.323469835603033,1.3172999546461843
227,c:\dev\monitor-backend_for_badger\simulations\data_worst_day\data_unified_2020_03_ETHUSDT.csv,1583984848602532.0,19505626969.69697,0.005425656762205952,140000000.0,19505626969.69697,975281348.4848486,0.0,0.0,1.322865850272229,1.3172999546461843
228,c:\dev\monitor-backend_for_badger\simulations\data_worst_day\data_unified_2020_03_ETHUSDT.csv,1583984912819076.5,19505626969.69697,0.005433717950546029,140000000.0,19505626969.69697,975281348.4848486,0.0,0.0,1.3209033135957293,1.3172999546461843
229,c:\dev\monitor-backend_for_badger\simulations\data_worst_day\data_unified_2020_03_ETHUSDT.csv,1583984970284964.5,19505626969.69697,0.005442294570519601,140000000.0,19505626969.69697,975281348.4848486,0.0,0.0,1.3188216758608096,1.3172999546461843
230,c:\dev\monitor-backend_for_badger\simulations\data_worst_day\data_unified_2020_03_ETHUSDT.csv,1583985030125538.2,19505626969.69697,0.005444739829847499,140000000.0,19505626969.69697,975281348.4848486,0.0,0.0,1.3182293865861128,1.3172999546461843
231,c:\dev\monitor-backend_for_badger\simulations\data_worst_day\data_unified_2020_03_ETHUSDT.csv,1583985090974176.8,19505626969.69697,0.005446758086507619,140000000.0,19505626969.69697,975281348.4848486,0.0,0.0,1.3177409262585587,1.3172999546461843
232,c:\dev\monitor-backend_for_badger\simulations\data_worst_day\data_unified_2020_03_ETHUSDT.csv,1583985154753495.5,19505626969.69697,0.005449057145078251,140000000.0,19505626969.69697,975281348.4848486,0.0,0.0,1.3171849468496948,1.3171849468496948
233,c:\dev\monitor-backend_for_badger\simulations\data_worst_day\data_unified_2020_03_ETHUSDT.csv,1583985211844855.5,19505626969.69697,0.005458889468788348,140000000.0,19505626969.69697,975281348.4848486,0.0,0.0,1.3148124883382077,1.3148124883382077
234,c:\dev\monitor-backend_for_badger\simulations\data_worst_day\data_unified_2020_03_ETHUSDT.csv,1583985265748327.0,19505626969.69697,0.005460296637488743,140000000.0,19505626969.69697,975281348.4848486,0.0,0.0,1.314473649058346,1.314473649058346
235,c:\dev\monitor-backend_for_badger\simulations\data_worst_day\data_unified_2020_03_ETHUSDT.csv,1583985331605926.2,19505626969.69697,0.0054737334312199865,140000000.0,19505626969.69697,975281348.4848486,0.0,0.0,1.3112469096656652,1.3112469096656652
236,c:\dev\monitor-backend_for_badger\simulations\data_worst_day\data_unified_2020_03_ETHUSDT.csv,1583985388933914.8,19505626969.69697,0.0054795475300227076,140000000.0,19505626969.69697,975281348.4848486,0.0,0.0,1.309855605174594,1.309855605174594
237,c:\dev\monitor-backend_for_badger\simulations\data_worst_day\data_unified_2020_03_ETHUSDT.csv,1583985449747699.8,19505626969.69697,0.005462581530352215,140000000.0,19505626969.69697,975281348.4848486,0.0,0.0,1.3139238299950944,1.309855605174594
238,c:\dev\monitor-backend_for_badger\simulations\data_worst_day\data_unified_2020_03_ETHUSDT.csv,1583985508181792.5,19505626969.69697,0.00545317606001014,140000000.0,19505626969.69697,975281348.4848486,0.0,0.0,1.3161900454040172,1.309855605174594
239,c:\dev\monitor-backend_for_badger\simulations\data_worst_day\data_unified_2020_03_ETHUSDT.csv,1583985571939325.0,19505626969.69697,0.005451124567333759,140000000.0,19505626969.69697,975281348.4848486,0.0,0.0,1.3166853843392257,1.309855605174594
240,c:\dev\monitor-backend_for_badger\simulations\data_worst_day\data_unified_2020_03_ETHUSDT.csv,1583985629982343.8,19505626969.69697,0.005462890274202182,140000000.0,19505626969.69697,975281348.4848486,0.0,0.0,1.3138495715199143,1.309855605174594
241,c:\dev\monitor-backend_for_badger\simulations\data_worst_day\data_unified_2020_03_ETHUSDT.csv,1583985689139988.2,19505626969.69697,0.005470796307842015,140000000.0,19505626969.69697,975281348.4848486,0.0,0.0,1.3119508828600521,1.309855605174594
242,c:\dev\monitor-backend_for_badger\simulations\data_worst_day\data_unified_2020_03_ETHUSDT.csv,1583985756742134.8,19505626969.69697,0.00549058541232882,140000000.0,19505626969.69697,975281348.4848486,0.0,0.0,1.3072223646506502,1.3072223646506502
243,c:\dev\monitor-backend_for_badger\simulations\data_worst_day\data_unified_2020_03_ETHUSDT.csv,1583985806823541.8,19505626969.69697,0.0054851489550475285,140000000.0,19505626969.69697,975281348.4848486,0.0,0.0,1.308517982800825,1.3072223646506502
244,c:\dev\monitor-backend_for_badger\simulations\data_worst_day\data_unified_2020_03_ETHUSDT.csv,1583985873266448.0,19505626969.69697,0.005499561818079982,140000000.0,19505626969.69697,975281348.4848486,0.0,0.0,1.3050887113269396,1.3050887113269396
245,c:\dev\monitor-backend_for_badger\simulations\data_worst_day\data_unified_2020_03_ETHUSDT.csv,1583985921527003.0,19505626969.69697,0.005495925767557365,140000000.0,19505626969.69697,975281348.4848486,0.0,0.0,1.3059521452035203,1.3050887113269396
246,c:\dev\monitor-backend_for_badger\simulations\data_worst_day\data_unified_2020_03_ETHUSDT.csv,1583985999004747.8,19505626969.69697,0.005509650354397226,140000000.0,19505626969.69697,975281348.4848486,0.0,0.0,1.3026990070781141,1.3026990070781141
247,c:\dev\monitor-backend_for_badger\simulations\data_worst_day\data_unified_2020_03_ETHUSDT.csv,1583986046658387.5,19505626969.69697,0.005493004871254674,140000000.0,19505626969.69697,975281348.4848486,0.0,0.0,1.3066465831080591,1.3026990070781141
248,c:\dev\monitor-backend_for_badger\simulations\data_worst_day\data_unified_2020_03_ETHUSDT.csv,1583986101161421.2,19505626969.69697,0.005486253917932112,140000000.0,19505626969.69697,975281348.4848486,0.0,0.0,1.308254439802919,1.3026990070781141
249,c:\dev\monitor-backend_for_badger\simulations\data_worst_day\data_unified_2020_03_ETHUSDT.csv,1583986173151697.8,19505626969.69697,0.00549786115193865,140000000.0,19505626969.69697,975281348.4848486,0.0,0.0,1.3054924174449098,1.3026990070781141
250,c:\dev\monitor-backend_for_badger\simulations\data_worst_day\data_unified_2020_03_ETHUSDT.csv,1583986234624392.2,19505626969.69697,0.005498540711858116,140000000.0,19505626969.69697,975281348.4848486,0.0,0.0,1.3053310727593737,1.3026990070781141
251,c:\dev\monitor-backend_for_badger\simulations\data_worst_day\data_unified_2020_03_ETHUSDT.csv,1583986282803414.2,19505626969.69697,0.005500896387358169,140000000.0,19505626969.69697,975281348.4848486,0.0,0.0,1.3047720845125448,1.3026990070781141
252,c:\dev\monitor-backend_for_badger\simulations\data_worst_day\data_unified_2020_03_ETHUSDT.csv,1583986351878656.8,19505626969.69697,0.005528674398111768,140000000.0,19505626969.69697,975281348.4848486,0.0,0.0,1.298216449221929,1.298216449221929
253,c:\dev\monitor-backend_for_badger\simulations\data_worst_day\data_unified_2020_03_ETHUSDT.csv,1583986406159190.5,19505626969.69697,0.005532627072208227,140000000.0,19505626969.69697,975281348.4848486,0.0,0.0,1.2972889645996213,1.2972889645996213
254,c:\dev\monitor-backend_for_badger\simulations\data_worst_day\data_unified_2020_03_ETHUSDT.csv,1583986468525531.5,19505626969.69697,0.005548554508774305,140000000.0,19505626969.69697,975281348.4848486,0.0,0.0,1.2935650239482575,1.2935650239482575
255,c:\dev\monitor-backend_for_badger\simulations\data_worst_day\data_unified_2020_03_ETHUSDT.csv,1583986528710100.8,19505626969.69697,0.005527040461345088,140000000.0,19505626969.69697,975281348.4848486,0.0,0.0,1.2986002357352224,1.2935650239482575
256,c:\dev\monitor-backend_for_badger\simulations\data_worst_day\data_unified_2020_03_ETHUSDT.csv,1583986591539175.2,19505626969.69697,0.005512304023567291,140000000.0,19505626969.69697,975281348.4848486,0.0,0.0,1.3020718769020247,1.2935650239482575
257,c:\dev\monitor-backend_for_badger\simulations\data_worst_day\data_unified_2020_03_ETHUSDT.csv,1583986648469569.5,19505626969.69697,0.005523087410637545,140000000.0,19505626969.69697,975281348.4848486,0.0,0.0,1.2995296855517875,1.2935650239482575
258,c:\dev\monitor-backend_for_badger\simulations\data_worst_day\data_unified_2020_03_ETHUSDT.csv,1583986706968855.0,19505626969.69697,0.005527825098568013,140000000.0,19505626969.69697,975281348.4848486,0.0,0.0,1.2984159082529871,1.2935650239482575
259,c:\dev\monitor-backend_for_badger\simulations\data_worst_day\data_unified_2020_03_ETHUSDT.csv,1583986767769926.8,19505626969.69697,0.005532692595027919,140000000.0,19505626969.69697,975281348.4848486,0.0,0.0,1.2972736010077615,1.2935650239482575
260,c:\dev\monitor-backend_for_badger\simulations\data_worst_day\data_unified_2020_03_ETHUSDT.csv,1583986830505421.0,19505626969.69697,0.005543256097935082,140000000.0,19505626969.69697,975281348.4848486,0.0,0.0,1.2948014522898381,1.2935650239482575
261,c:\dev\monitor-backend_for_badger\simulations\data_worst_day\data_unified_2020_03_ETHUSDT.csv,1583986891306090.5,19505626969.69697,0.005546142112298163,140000000.0,19505626969.69697,975281348.4848486,0.0,0.0,1.2941276838372842,1.2935650239482575
262,c:\dev\monitor-backend_for_badger\simulations\data_worst_day\data_unified_2020_03_ETHUSDT.csv,1583986950158461.0,19505626969.69697,0.00552790233304032,140000000.0,19505626969.69697,975281348.4848486,0.0,0.0,1.2983977671098434,1.2935650239482575
263,c:\dev\monitor-backend_for_badger\simulations\data_worst_day\data_unified_2020_03_ETHUSDT.csv,1583987007852188.0,19505626969.69697,0.005521513516591175,140000000.0,19505626969.69697,975281348.4848486,0.0,0.0,1.2999001133392096,1.2935650239482575
264,c:\dev\monitor-backend_for_badger\simulations\data_worst_day\data_unified_2020_03_ETHUSDT.csv,1583987067690333.2,19505626969.69697,0.005525797480057846,140000000.0,19505626969.69697,975281348.4848486,0.0,0.0,1.2988923448467948,1.2935650239482575
265,c:\dev\monitor-backend_for_badger\simulations\data_worst_day\data_unified_2020_03_ETHUSDT.csv,1583987136047636.0,19505626969.69697,0.005536434645592052,140000000.0,19505626969.69697,975281348.4848486,0.0,0.0,1.296396779782327,1.2935650239482575
266,c:\dev\monitor-backend_for_badger\simulations\data_worst_day\data_unified_2020_03_ETHUSDT.csv,1583987187484860.2,19505626969.69697,0.005528771420160372,140000000.0,19505626969.69697,975281348.4848486,0.0,0.0,1.2981936673758618,1.2935650239482575
267,c:\dev\monitor-backend_for_badger\simulations\data_worst_day\data_unified_2020_03_ETHUSDT.csv,1583987251669456.8,19505626969.69697,0.005523783545619577,140000000.0,19505626969.69697,975281348.4848486,0.0,0.0,1.2993659122853605,1.2935650239482575
268,c:\dev\monitor-backend_for_badger\simulations\data_worst_day\data_unified_2020_03_ETHUSDT.csv,1583987303395161.8,19505626969.69697,0.005523758571976575,140000000.0,19505626969.69697,975281348.4848486,0.0,0.0,1.2993717868904868,1.2935650239482575
269,c:\dev\monitor-backend_for_badger\simulations\data_worst_day\data_unified_2020_03_ETHUSDT.csv,1583987367730256.2,19505626969.69697,0.005532675948314352,140000000.0,19505626969.69697,975281348.4848486,0.0,0.0,1.297277504244144,1.2935650239482575
270,c:\dev\monitor-backend_for_badger\simulations\data_worst_day\data_unified_2020_03_ETHUSDT.csv,1583987430145749.8,19505626969.69697,0.005539858080131758,140000000.0,19505626969.69697,975281348.4848486,0.0,0.0,1.2955956528493127,1.2935650239482575
271,c:\dev\monitor-backend_for_badger\simulations\data_worst_day\data_unified_2020_03_ETHUSDT.csv,1583987492063153.2,19505626969.69697,0.005506394539583718,140000000.0,19505626969.69697,975281348.4848486,0.0,0.0,1.30346926549209,1.2935650239482575
272,c:\dev\monitor-backend_for_badger\simulations\data_worst_day\data_unified_2020_03_ETHUSDT.csv,1583987548993642.0,19505626969.69697,0.005499738358136228,140000000.0,19505626969.69697,975281348.4848486,0.0,0.0,1.3050468183459467,1.2935650239482575
273,c:\dev\monitor-backend_for_badger\simulations\data_worst_day\data_unified_2020_03_ETHUSDT.csv,1583987611005713.5,19505626969.69697,0.005507347390386079,140000000.0,19505626969.69697,975281348.4848486,0.0,0.0,1.3032437464449997,1.2935650239482575
274,c:\dev\monitor-backend_for_badger\simulations\data_worst_day\data_unified_2020_03_ETHUSDT.csv,1583987664534815.0,19505626969.69697,0.005505276849208607,140000000.0,19505626969.69697,975281348.4848486,0.0,0.0,1.3037338979696562,1.2935650239482575
275,c:\dev\monitor-backend_for_badger\simulations\data_worst_day\data_unified_2020_03_ETHUSDT.csv,1583987728975247.0,19505626969.69697,0.005493008169366344,140000000.0,19505626969.69697,975281348.4848486,0.0,0.0,1.3066457985713882,1.2935650239482575
276,c:\dev\monitor-backend_for_badger\simulations\data_worst_day\data_unified_2020_03_ETHUSDT.csv,1583987786715163.0,19505626969.69697,0.005491809379540948,140000000.0,19505626969.69697,975281348.4848486,0.0,0.0,1.3069310221799422,1.2935650239482575
277,c:\dev\monitor-backend_for_badger\simulations\data_worst_day\data_unified_2020_03_ETHUSDT.csv,1583987845683534.5,19505626969.69697,0.0054994752402468825,140000000.0,19505626969.69697,975281348.4848486,0.0,0.0,1.3051092572422667,1.2935650239482575
278,c:\dev\monitor-backend_for_badger\simulations\data_worst_day\data_unified_2020_03_ETHUSDT.csv,1583987910562592.2,19505626969.69697,0.005489840202029732,140000000.0,19505626969.69697,975281348.4848486,0.0,0.0,1.307399811631525,1.2935650239482575
279,c:\dev\monitor-backend_for_badger\simulations\data_worst_day\data_unified_2020_03_ETHUSDT.csv,1583987970419307.5,19505626969.69697,0.005492383323559567,140000000.0,19505626969.69697,975281348.4848486,0.0,0.0,1.306794450276865,1.2935650239482575
280,c:\dev\monitor-backend_for_badger\simulations\data_worst_day\data_unified_2020_03_ETHUSDT.csv,1583988032002313.5,19505626969.69697,0.005506402884694553,140000000.0,19505626969.69697,975281348.4848486,0.0,0.0,1.303467290047191,1.2935650239482575
281,c:\dev\monitor-backend_for_badger\simulations\data_worst_day\data_unified_2020_03_ETHUSDT.csv,1583988092511670.8,19505626969.69697,0.005504397707502259,140000000.0,19505626969.69697,975281348.4848486,0.0,0.0,1.303942125446047,1.2935650239482575
282,c:\dev\monitor-backend_for_badger\simulations\data_worst_day\data_unified_2020_03_ETHUSDT.csv,1583988147566647.2,19505626969.69697,0.005508148100682325,140000000.0,19505626969.69697,975281348.4848486,0.0,0.0,1.3030542960767046,1.2935650239482575
283,c:\dev\monitor-backend_for_badger\simulations\data_worst_day\data_unified_2020_03_ETHUSDT.csv,1583988210347989.2,19505626969.69697,0.005502360473771321,140000000.0,19505626969.69697,975281348.4848486,0.0,0.0,1.3044249064077476,1.2935650239482575
284,c:\dev\monitor-backend_for_badger\simulations\data_worst_day\data_unified_2020_03_ETHUSDT.csv,1583988269925470.5,19505626969.69697,0.005503390043320664,140000000.0,19505626969.69697,975281348.4848486,0.0,0.0,1.3041808757007705,1.2935650239482575
285,c:\dev\monitor-backend_for_badger\simulations\data_worst_day\data_unified_2020_03_ETHUSDT.csv,1583988332332534.8,19505626969.69697,0.005507393546137523,140000000.0,19505626969.69697,975281348.4848486,0.0,0.0,1.3032328243647218,1.2935650239482575
286,c:\dev\monitor-backend_for_badger\simulations\data_worst_day\data_unified_2020_03_ETHUSDT.csv,1583988387066332.2,19505626969.69697,0.005490764584445185,140000000.0,19505626969.69697,975281348.4848486,0.0,0.0,1.3071797079688654,1.2935650239482575
287,c:\dev\monitor-backend_for_badger\simulations\data_worst_day\data_unified_2020_03_ETHUSDT.csv,1583988451666255.0,19505626969.69697,0.005483815645244984,140000000.0,19505626969.69697,975281348.4848486,0.0,0.0,1.3088361298659597,1.2935650239482575
288,c:\dev\monitor-backend_for_badger\simulations\data_worst_day\data_unified_2020_03_ETHUSDT.csv,1583988511013401.5,19505626969.69697,0.005487628536211969,140000000.0,19505626969.69697,975281348.4848486,0.0,0.0,1.3079267298539328,1.2935650239482575
289,c:\dev\monitor-backend_for_badger\simulations\data_worst_day\data_unified_2020_03_ETHUSDT.csv,1583988568413108.2,19505626969.69697,0.005484799627426755,140000000.0,19505626969.69697,975281348.4848486,0.0,0.0,1.308601322485904,1.2935650239482575
290,c:\dev\monitor-backend_for_badger\simulations\data_worst_day\data_unified_2020_03_ETHUSDT.csv,1583988629136406.8,19505626969.69697,0.005485077426966582,140000000.0,19505626969.69697,975281348.4848486,0.0,0.0,1.3085350465125847,1.2935650239482575
291,c:\dev\monitor-backend_for_badger\simulations\data_worst_day\data_unified_2020_03_ETHUSDT.csv,1583988690646256.8,19505626969.69697,0.005481219249486016,140000000.0,19505626969.69697,975281348.4848486,0.0,0.0,1.3094561117389867,1.2935650239482575
292,c:\dev\monitor-backend_for_badger\simulations\data_worst_day\data_unified_2020_03_ETHUSDT.csv,1583988749172716.0,19505626969.69697,0.005485696883964928,140000000.0,19505626969.69697,975281348.4848486,0.0,0.0,1.3083872838473685,1.2935650239482575
293,c:\dev\monitor-backend_for_badger\simulations\data_worst_day\data_unified_2020_03_ETHUSDT.csv,1583988810424989.5,19505626969.69697,0.005497729827640632,140000000.0,19505626969.69697,975281348.4848486,0.0,0.0,1.3055236017483702,1.2935650239482575
294,c:\dev\monitor-backend_for_badger\simulations\data_worst_day\data_unified_2020_03_ETHUSDT.csv,1583988869429702.0,19505626969.69697,0.00549609921262718,140000000.0,19505626969.69697,975281348.4848486,0.0,0.0,1.3059109321627371,1.2935650239482575
295,c:\dev\monitor-backend_for_badger\simulations\data_worst_day\data_unified_2020_03_ETHUSDT.csv,1583988926609946.8,19505626969.69697,0.005488141132692559,140000000.0,19505626969.69697,975281348.4848486,0.0,0.0,1.3078045685205444,1.2935650239482575
296,c:\dev\monitor-backend_for_badger\simulations\data_worst_day\data_unified_2020_03_ETHUSDT.csv,1583988991164418.8,19505626969.69697,0.005492233417176395,140000000.0,19505626969.69697,975281348.4848486,0.0,0.0,1.3068301182492017,1.2935650239482575
297,c:\dev\monitor-backend_for_badger\simulations\data_worst_day\data_unified_2020_03_ETHUSDT.csv,1583989043922735.5,19505626969.69697,0.005497034853369093,140000000.0,19505626969.69697,975281348.4848486,0.0,0.0,1.3056886553342224,1.2935650239482575
298,c:\dev\monitor-backend_for_badger\simulations\data_worst_day\data_unified_2020_03_ETHUSDT.csv,1583989113902099.5,19505626969.69697,0.00549470388151433,140000000.0,19505626969.69697,975281348.4848486,0.0,0.0,1.3062425566130347,1.2935650239482575
299,c:\dev\monitor-backend_for_badger\simulations\data_worst_day\data_unified_2020_03_ETHUSDT.csv,1583989173876762.5,19505626969.69697,0.005495206468746343,140000000.0,19505626969.69697,975281348.4848486,0.0,0.0,1.306123088703212,1.2935650239482575
300,c:\dev\monitor-backend_for_badger\simulations\data_worst_day\data_unified_2020_03_ETHUSDT.csv,1583989228454213.0,19505626969.69697,0.005499090204118824,140000000.0,19505626969.69697,975281348.4848486,0.0,0.0,1.3052006385792605,1.2935650239482575
301,c:\dev\monitor-backend_for_badger\simulations\data_worst_day\data_unified_2020_03_ETHUSDT.csv,1583989289888054.0,19505626969.69697,0.005507629239256535,140000000.0,19505626969.69697,975281348.4848486,0.0,0.0,1.3031770539059946,1.2935650239482575
302,c:\dev\monitor-backend_for_badger\simulations\data_worst_day\data_unified_2020_03_ETHUSDT.csv,1583989348166148.5,19505626969.69697,0.005508924750391886,140000000.0,19505626969.69697,975281348.4848486,0.0,0.0,1.302870591127655,1.2935650239482575
303,c:\dev\monitor-backend_for_badger\simulations\data_worst_day\data_unified_2020_03_ETHUSDT.csv,1583989409581702.2,19505626969.69697,0.005507795031257838,140000000.0,19505626969.69697,975281348.4848486,0.0,0.0,1.3031378265326823,1.2935650239482575
304,c:\dev\monitor-backend_for_badger\simulations\data_worst_day\data_unified_2020_03_ETHUSDT.csv,1583989474805869.2,19505626969.69697,0.005509102716889274,140000000.0,19505626969.69697,975281348.4848486,0.0,0.0,1.3028285030912599,1.2935650239482575
305,c:\dev\monitor-backend_for_badger\simulations\data_worst_day\data_unified_2020_03_ETHUSDT.csv,1583989524824642.0,19505626969.69697,0.00551370081070042,140000000.0,19505626969.69697,975281348.4848486,0.0,0.0,1.3017420227248564,1.2935650239482575
306,c:\dev\monitor-backend_for_badger\simulations\data_worst_day\data_unified_2020_03_ETHUSDT.csv,1583989597967069.0,19505626969.69697,0.005513697393899262,140000000.0,19505626969.69697,975281348.4848486,0.0,0.0,1.3017428294056248,1.2935650239482575
307,c:\dev\monitor-backend_for_badger\simulations\data_worst_day\data_unified_2020_03_ETHUSDT.csv,1583989653036571.8,19505626969.69697,0.0054954590082550905,140000000.0,19505626969.69697,975281348.4848486,0.0,0.0,1.3060630668410365,1.2935650239482575
308,c:\dev\monitor-backend_for_badger\simulations\data_worst_day\data_unified_2020_03_ETHUSDT.csv,1583989714245903.0,19505626969.69697,0.005491302949959595,140000000.0,19505626969.69697,975281348.4848486,0.0,0.0,1.3070515525051583,1.2935650239482575
309,c:\dev\monitor-backend_for_badger\simulations\data_worst_day\data_unified_2020_03_ETHUSDT.csv,1583989764677945.8,19505626969.69697,0.005485633002973626,140000000.0,19505626969.69697,975281348.4848486,0.0,0.0,1.3084025202069016,1.2935650239482575
310,c:\dev\monitor-backend_for_badger\simulations\data_worst_day\data_unified_2020_03_ETHUSDT.csv,1583989832645721.0,19505626969.69697,0.005489375332403244,140000000.0,19505626969.69697,975281348.4848486,0.0,0.0,1.3075105292314888,1.2935650239482575
311,c:\dev\monitor-backend_for_badger\simulations\data_worst_day\data_unified_2020_03_ETHUSDT.csv,1583989887045117.8,19505626969.69697,0.005497155931648325,140000000.0,19505626969.69697,975281348.4848486,0.0,0.0,1.305659896729306,1.2935650239482575
312,c:\dev\monitor-backend_for_badger\simulations\data_worst_day\data_unified_2020_03_ETHUSDT.csv,1583989937774596.8,19505626969.69697,0.005496076309555638,140000000.0,19505626969.69697,975281348.4848486,0.0,0.0,1.3059163741125612,1.2935650239482575
313,c:\dev\monitor-backend_for_badger\simulations\data_worst_day\data_unified_2020_03_ETHUSDT.csv,1583990015172025.8,19505626969.69697,0.0055031298670367105,140000000.0,19505626969.69697,975281348.4848486,0.0,0.0,1.3042425346007132,1.2935650239482575
314,c:\dev\monitor-backend_for_badger\simulations\data_worst_day\data_unified_2020_03_ETHUSDT.csv,1583990066532540.5,19505626969.69697,0.005498861918276847,140000000.0,19505626969.69697,975281348.4848486,0.0,0.0,1.3052548241236797,1.2935650239482575
315,c:\dev\monitor-backend_for_badger\simulations\data_worst_day\data_unified_2020_03_ETHUSDT.csv,1583990138278484.5,19505626969.69697,0.005495007357847949,140000000.0,19505626969.69697,975281348.4848486,0.0,0.0,1.3061704159085585,1.2935650239482575
316,c:\dev\monitor-backend_for_badger\simulations\data_worst_day\data_unified_2020_03_ETHUSDT.csv,1583990188532085.2,19505626969.69697,0.00549476185567569,140000000.0,19505626969.69697,975281348.4848486,0.0,0.0,1.3062287747024186,1.2935650239482575
317,c:\dev\monitor-backend_for_badger\simulations\data_worst_day\data_unified_2020_03_ETHUSDT.csv,1583990259949157.8,19505626969.69697,0.005492053090135283,140000000.0,19505626969.69697,975281348.4848486,0.0,0.0,1.3068730269401032,1.2935650239482575
318,c:\dev\monitor-backend_for_badger\simulations\data_worst_day\data_unified_2020_03_ETHUSDT.csv,1583990300323937.5,19505626969.69697,0.005496308537136588,140000000.0,19505626969.69697,975281348.4848486,0.0,0.0,1.3058611971154124,1.2935650239482575
319,c:\dev\monitor-backend_for_badger\simulations\data_worst_day\data_unified_2020_03_ETHUSDT.csv,1583990372367948.0,19505626969.69697,0.005495375239635214,140000000.0,19505626969.69697,975281348.4848486,0.0,0.0,1.3060829757818841,1.2935650239482575
320,c:\dev\monitor-backend_for_badger\simulations\data_worst_day\data_unified_2020_03_ETHUSDT.csv,1583990431529226.0,19505626969.69697,0.005502282854679173,140000000.0,19505626969.69697,975281348.4848486,0.0,0.0,1.3044433075477262,1.2935650239482575
321,c:\dev\monitor-backend_for_badger\simulations\data_worst_day\data_unified_2020_03_ETHUSDT.csv,1583990490407151.8,19505626969.69697,0.00551059801320721,140000000.0,19505626969.69697,975281348.4848486,0.0,0.0,1.3024749816297223,1.2935650239482575
322,c:\dev\monitor-backend_for_badger\simulations\data_worst_day\data_unified_2020_03_ETHUSDT.csv,1583990553564085.8,19505626969.69697,0.0055183096205314456,140000000.0,19505626969.69697,975281348.4848486,0.0,0.0,1.300654827216748,1.2935650239482575
323,c:\dev\monitor-backend_for_badger\simulations\data_worst_day\data_unified_2020_03_ETHUSDT.csv,1583990609716723.5,19505626969.69697,0.005521395544402761,140000000.0,19505626969.69697,975281348.4848486,0.0,0.0,1.2999278874879472,1.2935650239482575
324,c:\dev\monitor-backend_for_badger\simulations\data_worst_day\data_unified_2020_03_ETHUSDT.csv,1583990669885906.2,19505626969.69697,0.005514740026312734,140000000.0,19505626969.69697,975281348.4848486,0.0,0.0,1.3014967182088202,1.2935650239482575
325,c:\dev\monitor-backend_for_badger\simulations\data_worst_day\data_unified_2020_03_ETHUSDT.csv,1583990726837218.5,19505626969.69697,0.005519629707577944,140000000.0,19505626969.69697,975281348.4848486,0.0,0.0,1.3003437596849863,1.2935650239482575
326,c:\dev\monitor-backend_for_badger\simulations\data_worst_day\data_unified_2020_03_ETHUSDT.csv,1583990798159067.2,19505626969.69697,0.005534026677631456,140000000.0,19505626969.69697,975281348.4848486,0.0,0.0,1.2969608684815292,1.2935650239482575
327,c:\dev\monitor-backend_for_badger\simulations\data_worst_day\data_unified_2020_03_ETHUSDT.csv,1583990849729147.8,19505626969.69697,0.005534645038426694,140000000.0,19505626969.69697,975281348.4848486,0.0,0.0,1.2968159649243078,1.2935650239482575
328,c:\dev\monitor-backend_for_badger\simulations\data_worst_day\data_unified_2020_03_ETHUSDT.csv,1583990905061131.2,19505626969.69697,0.005534392505313613,140000000.0,19505626969.69697,975281348.4848486,0.0,0.0,1.2968751383516353,1.2935650239482575
329,c:\dev\monitor-backend_for_badger\simulations\data_worst_day\data_unified_2020_03_ETHUSDT.csv,1583990970660307.8,19505626969.69697,0.005522778362155364,140000000.0,19505626969.69697,975281348.4848486,0.0,0.0,1.2996024057752933,1.2935650239482575
330,c:\dev\monitor-backend_for_badger\simulations\data_worst_day\data_unified_2020_03_ETHUSDT.csv,1583991033229538.2,19505626969.69697,0.005518319580377445,140000000.0,19505626969.69697,975281348.4848486,0.0,0.0,1.300652479704686,1.2935650239482575
331,c:\dev\monitor-backend_for_badger\simulations\data_worst_day\data_unified_2020_03_ETHUSDT.csv,1583991083628025.0,19505626969.69697,0.005514753156323237,140000000.0,19505626969.69697,975281348.4848486,0.0,0.0,1.3014936194906914,1.2935650239482575
332,c:\dev\monitor-backend_for_badger\simulations\data_worst_day\data_unified_2020_03_ETHUSDT.csv,1583991145380402.0,19505626969.69697,0.005513261894496117,140000000.0,19505626969.69697,975281348.4848486,0.0,0.0,1.3018456556881601,1.2935650239482575
333,c:\dev\monitor-backend_for_badger\simulations\data_worst_day\data_unified_2020_03_ETHUSDT.csv,1583991211284996.5,19505626969.69697,0.005511630019448175,140000000.0,19505626969.69697,975281348.4848486,0.0,0.0,1.3022311041733257,1.2935650239482575
334,c:\dev\monitor-backend_for_badger\simulations\data_worst_day\data_unified_2020_03_ETHUSDT.csv,1583991272610360.2,19505626969.69697,0.005502388382960378,140000000.0,19505626969.69697,975281348.4848486,0.0,0.0,1.3044182901097348,1.2935650239482575
335,c:\dev\monitor-backend_for_badger\simulations\data_worst_day\data_unified_2020_03_ETHUSDT.csv,1583991329758617.2,19505626969.69697,0.005494352271243647,140000000.0,19505626969.69697,975281348.4848486,0.0,0.0,1.3063261494145582,1.2935650239482575
336,c:\dev\monitor-backend_for_badger\simulations\data_worst_day\data_unified_2020_03_ETHUSDT.csv,1583991390220651.5,19505626969.69697,0.005494257905839954,140000000.0,19505626969.69697,975281348.4848486,0.0,0.0,1.3063485859285617,1.2935650239482575
337,c:\dev\monitor-backend_for_badger\simulations\data_worst_day\data_unified_2020_03_ETHUSDT.csv,1583991451158247.0,19505626969.69697,0.005508361842600122,140000000.0,19505626969.69697,975281348.4848486,0.0,0.0,1.3030037334353612,1.2935650239482575
338,c:\dev\monitor-backend_for_badger\simulations\data_worst_day\data_unified_2020_03_ETHUSDT.csv,1583991505242470.5,19505626969.69697,0.005509524007900982,140000000.0,19505626969.69697,975281348.4848486,0.0,0.0,1.3027288810663151,1.2935650239482575
339,c:\dev\monitor-backend_for_badger\simulations\data_worst_day\data_unified_2020_03_ETHUSDT.csv,1583991569787577.2,19505626969.69697,0.005499842511893636,140000000.0,19505626969.69697,975281348.4848486,0.0,0.0,1.3050221039055911,1.2935650239482575
340,c:\dev\monitor-backend_for_badger\simulations\data_worst_day\data_unified_2020_03_ETHUSDT.csv,1583991626525386.2,19505626969.69697,0.005504931403565861,140000000.0,19505626969.69697,975281348.4848486,0.0,0.0,1.3038157099235823,1.2935650239482575
341,c:\dev\monitor-backend_for_badger\simulations\data_worst_day\data_unified_2020_03_ETHUSDT.csv,1583991680842788.0,19505626969.69697,0.005503455711565549,140000000.0,19505626969.69697,975281348.4848486,0.0,0.0,1.3041653139749008,1.2935650239482575
342,c:\dev\monitor-backend_for_badger\simulations\data_worst_day\data_unified_2020_03_ETHUSDT.csv,1583991758886846.2,19505626969.69697,0.0055050300002039065,140000000.0,19505626969.69697,975281348.4848486,0.0,0.0,1.3037923582169386,1.2935650239482575
343,c:\dev\monitor-backend_for_badger\simulations\data_worst_day\data_unified_2020_03_ETHUSDT.csv,1583991798326994.5,19505626969.69697,0.005498831983394579,140000000.0,19505626969.69697,975281348.4848486,0.0,0.0,1.3052619297507668,1.2935650239482575
344,c:\dev\monitor-backend_for_badger\simulations\data_worst_day\data_unified_2020_03_ETHUSDT.csv,1583991871016251.8,19505626969.69697,0.005502576889558624,140000000.0,19505626969.69697,975281348.4848486,0.0,0.0,1.3043736035093485,1.2935650239482575
345,c:\dev\monitor-backend_for_badger\simulations\data_worst_day\data_unified_2020_03_ETHUSDT.csv,1583991934622257.0,19505626969.69697,0.005500869830705967,140000000.0,19505626969.69697,975281348.4848486,0.0,0.0,1.3047783835851492,1.2935650239482575
346,c:\dev\monitor-backend_for_badger\simulations\data_worst_day\data_unified_2020_03_ETHUSDT.csv,1583991990557240.8,19505626969.69697,0.005495323731770979,140000000.0,19505626969.69697,975281348.4848486,0.0,0.0,1.3060952177439378,1.2935650239482575
347,c:\dev\monitor-backend_for_badger\simulations\data_worst_day\data_unified_2020_03_ETHUSDT.csv,1583992059077648.0,19505626969.69697,0.005496104450726693,140000000.0,19505626969.69697,975281348.4848486,0.0,0.0,1.305909687555492,1.2935650239482575
348,c:\dev\monitor-backend_for_badger\simulations\data_worst_day\data_unified_2020_03_ETHUSDT.csv,1583992109152218.5,19505626969.69697,0.005494614519559192,140000000.0,19505626969.69697,975281348.4848486,0.0,0.0,1.306263800758248,1.2935650239482575
349,c:\dev\monitor-backend_for_badger\simulations\data_worst_day\data_unified_2020_03_ETHUSDT.csv,1583992168752011.8,19505626969.69697,0.005493822289135286,140000000.0,19505626969.69697,975281348.4848486,0.0,0.0,1.3064521690508764,1.2935650239482575
350,c:\dev\monitor-backend_for_badger\simulations\data_worst_day\data_unified_2020_03_ETHUSDT.csv,1583992232511207.2,19505626969.69697,0.005500659352162867,140000000.0,19505626969.69697,975281348.4848486,0.0,0.0,1.3048283099368214,1.2935650239482575
351,c:\dev\monitor-backend_for_badger\simulations\data_worst_day\data_unified_2020_03_ETHUSDT.csv,1583992292198148.5,19505626969.69697,0.00551036284500387,140000000.0,19505626969.69697,975281348.4848486,0.0,0.0,1.3025305679331909,1.2935650239482575
352,c:\dev\monitor-backend_for_badger\simulations\data_worst_day\data_unified_2020_03_ETHUSDT.csv,1583992351739397.8,19505626969.69697,0.005509798500326074,140000000.0,19505626969.69697,975281348.4848486,0.0,0.0,1.3026639804697178,1.2935650239482575
353,c:\dev\monitor-backend_for_badger\simulations\data_worst_day\data_unified_2020_03_ETHUSDT.csv,1583992400278434.8,19505626969.69697,0.0055127233564990765,140000000.0,19505626969.69697,975281348.4848486,0.0,0.0,1.3019728330026255,1.2935650239482575
354,c:\dev\monitor-backend_for_badger\simulations\data_worst_day\data_unified_2020_03_ETHUSDT.csv,1583992467519874.5,19505626969.69697,0.005507816879583004,140000000.0,19505626969.69697,975281348.4848486,0.0,0.0,1.3031326572651496,1.2935650239482575
355,c:\dev\monitor-backend_for_badger\simulations\data_worst_day\data_unified_2020_03_ETHUSDT.csv,1583992518397788.0,19505626969.69697,0.005504428422429182,140000000.0,19505626969.69697,975281348.4848486,0.0,0.0,1.3039348493977416,1.2935650239482575
356,c:\dev\monitor-backend_for_badger\simulations\data_worst_day\data_unified_2020_03_ETHUSDT.csv,1583992596185248.5,19505626969.69697,0.005509852949782319,140000000.0,19505626969.69697,975281348.4848486,0.0,0.0,1.3026511072867033,1.2935650239482575
357,c:\dev\monitor-backend_for_badger\simulations\data_worst_day\data_unified_2020_03_ETHUSDT.csv,1583992649036719.5,19505626969.69697,0.00550282101692857,140000000.0,19505626969.69697,975281348.4848486,0.0,0.0,1.304315736227045,1.2935650239482575
358,c:\dev\monitor-backend_for_badger\simulations\data_worst_day\data_unified_2020_03_ETHUSDT.csv,1583992712963128.2,19505626969.69697,0.0054913502424557776,140000000.0,19505626969.69697,975281348.4848486,0.0,0.0,1.3070402959420495,1.2935650239482575
359,c:\dev\monitor-backend_for_badger\simulations\data_worst_day\data_unified_2020_03_ETHUSDT.csv,1583992769773694.2,19505626969.69697,0.005497820833711252,140000000.0,19505626969.69697,975281348.4848486,0.0,0.0,1.3055019912636545,1.2935650239482575
360,c:\dev\monitor-backend_for_badger\simulations\data_worst_day\data_unified_2020_03_ETHUSDT.csv,1583992825358940.5,19505626969.69697,0.005496243945145658,140000000.0,19505626969.69697,975281348.4848486,0.0,0.0,1.3058765436275832,1.2935650239482575
361,c:\dev\monitor-backend_for_badger\simulations\data_worst_day\data_unified_2020_03_ETHUSDT.csv,1583992889128073.5,19505626969.69697,0.005500466143599036,140000000.0,19505626969.69697,975281348.4848486,0.0,0.0,1.304874143143904,1.2935650239482575
362,c:\dev\monitor-backend_for_badger\simulations\data_worst_day\data_unified_2020_03_ETHUSDT.csv,1583992954586595.2,19505626969.69697,0.005504585989870481,140000000.0,19505626969.69697,975281348.4848486,0.0,0.0,1.3038975245783606,1.2935650239482575
363,c:\dev\monitor-backend_for_badger\simulations\data_worst_day\data_unified_2020_03_ETHUSDT.csv,1583993006791039.8,19505626969.69697,0.0055085064663260115,140000000.0,19505626969.69697,975281348.4848486,0.0,0.0,1.3029695235717749,1.2935650239482575
364,c:\dev\monitor-backend_for_badger\simulations\data_worst_day\data_unified_2020_03_ETHUSDT.csv,1583993072896855.2,19505626969.69697,0.005510278663375853,140000000.0,19505626969.69697,975281348.4848486,0.0,0.0,1.3025504669529049,1.2935650239482575
365,c:\dev\monitor-backend_for_badger\simulations\data_worst_day\data_unified_2020_03_ETHUSDT.csv,1583993130336409.0,19505626969.69697,0.005506944395247838,140000000.0,19505626969.69697,975281348.4848486,0.0,0.0,1.3033391170999518,1.2935650239482575
366,c:\dev\monitor-backend_for_badger\simulations\data_worst_day\data_unified_2020_03_ETHUSDT.csv,1583993194713659.2,19505626969.69697,0.005514218930470236,140000000.0,19505626969.69697,975281348.4848486,0.0,0.0,1.3016197101569882,1.2935650239482575
367,c:\dev\monitor-backend_for_badger\simulations\data_worst_day\data_unified_2020_03_ETHUSDT.csv,1583993248101592.5,19505626969.69697,0.005517794400363174,140000000.0,19505626969.69697,975281348.4848486,0.0,0.0,1.300776274945735,1.2935650239482575
368,c:\dev\monitor-backend_for_badger\simulations\data_worst_day\data_unified_2020_03_ETHUSDT.csv,1583993310857548.2,19505626969.69697,0.005522830857411317,140000000.0,19505626969.69697,975281348.4848486,0.0,0.0,1.2995900528782576,1.2935650239482575
369,c:\dev\monitor-backend_for_badger\simulations\data_worst_day\data_unified_2020_03_ETHUSDT.csv,1583993370201852.5,19505626969.69697,0.005523594737700877,140000000.0,19505626969.69697,975281348.4848486,0.0,0.0,1.2994103273058641,1.2935650239482575
370,c:\dev\monitor-backend_for_badger\simulations\data_worst_day\data_unified_2020_03_ETHUSDT.csv,1583993424928924.0,19505626969.69697,0.005524044689593932,140000000.0,19505626969.69697,975281348.4848486,0.0,0.0,1.299304485994021,1.2935650239482575
371,c:\dev\monitor-backend_for_badger\simulations\data_worst_day\data_unified_2020_03_ETHUSDT.csv,1583993502257603.2,19505626969.69697,0.00552134221600926,140000000.0,19505626969.69697,975281348.4848486,0.0,0.0,1.2999404429614523,1.2935650239482575
372,c:\dev\monitor-backend_for_badger\simulations\data_worst_day\data_unified_2020_03_ETHUSDT.csv,1583993540909687.5,19505626969.69697,0.005523321209188809,140000000.0,19505626969.69697,975281348.4848486,0.0,0.0,1.2994746773155654,1.2935650239482575
373,c:\dev\monitor-backend_for_badger\simulations\data_worst_day\data_unified_2020_03_ETHUSDT.csv,1583993601268249.0,19505626969.69697,0.005530204622338437,140000000.0,19505626969.69697,975281348.4848486,0.0,0.0,1.2978572288317765,1.2935650239482575
374,c:\dev\monitor-backend_for_badger\simulations\data_worst_day\data_unified_2020_03_ETHUSDT.csv,1583993669862153.8,19505626969.69697,0.0055262341600593725,140000000.0,19505626969.69697,975281348.4848486,0.0,0.0,1.2987897070839527,1.2935650239482575
375,c:\dev\monitor-backend_for_badger\simulations\data_worst_day\data_unified_2020_03_ETHUSDT.csv,1583993741839287.8,19505626969.69697,0.005537388550750387,140000000.0,19505626969.69697,975281348.4848486,0.0,0.0,1.2961734543710526,1.2935650239482575
376,c:\dev\monitor-backend_for_badger\simulations\data_worst_day\data_unified_2020_03_ETHUSDT.csv,1583993785288294.5,19505626969.69697,0.0055429194514014,140000000.0,19505626969.69697,975281348.4848486,0.0,0.0,1.294880091430194,1.2935650239482575
377,c:\dev\monitor-backend_for_badger\simulations\data_worst_day\data_unified_2020_03_ETHUSDT.csv,1583993856128154.5,19505626969.69697,0.00557523307221184,140000000.0,19505626969.69697,975281348.4848486,0.0,0.0,1.2873750663079233,1.2873750663079233
378,c:\dev\monitor-backend_for_badger\simulations\data_worst_day\data_unified_2020_03_ETHUSDT.csv,1583993915339148.5,19505626969.69697,0.005626798887343535,140000000.0,19505626969.69697,975281348.4848486,0.0,0.0,1.275577142478851,1.275577142478851
379,c:\dev\monitor-backend_for_badger\simulations\data_worst_day\data_unified_2020_03_ETHUSDT.csv,1583993967465461.2,19505626969.69697,0.005634617572253271,140000000.0,19505626969.69697,975281348.4848486,0.0,0.0,1.2738071313596908,1.2738071313596908
380,c:\dev\monitor-backend_for_badger\simulations\data_worst_day\data_unified_2020_03_ETHUSDT.csv,1583994025644440.0,19505626969.69697,0.0056229085740518246,140000000.0,19505626969.69697,975281348.4848486,0.0,0.0,1.2764596741164609,1.2738071313596908
381,c:\dev\monitor-backend_for_badger\simulations\data_worst_day\data_unified_2020_03_ETHUSDT.csv,1583994089126474.5,19505626969.69697,0.005631091749598465,140000000.0,19505626969.69697,975281348.4848486,0.0,0.0,1.2746047063666903,1.2738071313596908
382,c:\dev\monitor-backend_for_badger\simulations\data_worst_day\data_unified_2020_03_ETHUSDT.csv,1583994158080395.8,19505626969.69697,0.005629059721492865,140000000.0,19505626969.69697,975281348.4848486,0.0,0.0,1.2750648245240763,1.2738071313596908
383,c:\dev\monitor-backend_for_badger\simulations\data_worst_day\data_unified_2020_03_ETHUSDT.csv,1583994211508663.2,19505626969.69697,0.005617376008205876,140000000.0,19505626969.69697,975281348.4848486,0.0,0.0,1.277716862025269,1.2738071313596908
384,c:\dev\monitor-backend_for_badger\simulations\data_worst_day\data_unified_2020_03_ETHUSDT.csv,1583994271186126.0,19505626969.69697,0.005613023362774024,140000000.0,19505626969.69697,975281348.4848486,0.0,0.0,1.2787076735903125,1.2738071313596908
385,c:\dev\monitor-backend_for_badger\simulations\data_worst_day\data_unified_2020_03_ETHUSDT.csv,1583994334263368.0,19505626969.69697,0.005638543441701296,140000000.0,19505626969.69697,975281348.4848486,0.0,0.0,1.2729202355591376,1.2729202355591376
386,c:\dev\monitor-backend_for_badger\simulations\data_worst_day\data_unified_2020_03_ETHUSDT.csv,1583994390403487.5,19505626969.69697,0.0056826302771887,140000000.0,19505626969.69697,975281348.4848486,0.0,0.0,1.2630446986552224,1.2630446986552224
387,c:\dev\monitor-backend_for_badger\simulations\data_worst_day\data_unified_2020_03_ETHUSDT.csv,1583994446565510.5,19505626969.69697,0.005678775995299611,140000000.0,19505626969.69697,975281348.4848486,0.0,0.0,1.2639019485821728,1.2630446986552224
388,c:\dev\monitor-backend_for_badger\simulations\data_worst_day\data_unified_2020_03_ETHUSDT.csv,1583994513815639.0,19505626969.69697,0.0056779075542338,140000000.0,19505626969.69697,975281348.4848486,0.0,0.0,1.264095263521668,1.2630446986552224
389,c:\dev\monitor-backend_for_badger\simulations\data_worst_day\data_unified_2020_03_ETHUSDT.csv,1583994567135994.0,19505626969.69697,0.005687027740690433,140000000.0,19505626969.69697,975281348.4848486,0.0,0.0,1.2620680561599427,1.2620680561599427
390,c:\dev\monitor-backend_for_badger\simulations\data_worst_day\data_unified_2020_03_ETHUSDT.csv,1583994632177432.0,19505626969.69697,0.005689894028127003,140000000.0,19505626969.69697,975281348.4848486,0.0,0.0,1.2614322886402691,1.2614322886402691
391,c:\dev\monitor-backend_for_badger\simulations\data_worst_day\data_unified_2020_03_ETHUSDT.csv,1583994689886519.0,19505626969.69697,0.005710526560285312,140000000.0,19505626969.69697,975281348.4848486,0.0,0.0,1.2568746454901778,1.2568746454901778
392,c:\dev\monitor-backend_for_badger\simulations\data_worst_day\data_unified_2020_03_ETHUSDT.csv,1583994749690672.0,19505626969.69697,0.005716585272933467,140000000.0,19505626969.69697,975281348.4848486,0.0,0.0,1.2555425491515064,1.2555425491515064
393,c:\dev\monitor-backend_for_badger\simulations\data_worst_day\data_unified_2020_03_ETHUSDT.csv,1583994809863349.5,19505626969.69697,0.005724188418199255,140000000.0,19505626969.69697,975281348.4848486,0.0,0.0,1.253874876515465,1.253874876515465
394,c:\dev\monitor-backend_for_badger\simulations\data_worst_day\data_unified_2020_03_ETHUSDT.csv,1583994871074296.8,19505626969.69697,0.00573041835089944,140000000.0,19505626969.69697,975281348.4848486,0.0,0.0,1.2525117027266057,1.2525117027266057
395,c:\dev\monitor-backend_for_badger\simulations\data_worst_day\data_unified_2020_03_ETHUSDT.csv,1583994931477419.8,19505626969.69697,0.005747525259446704,140000000.0,19505626969.69697,975281348.4848486,0.0,0.0,1.2487837324810283,1.2487837324810283
396,c:\dev\monitor-backend_for_badger\simulations\data_worst_day\data_unified_2020_03_ETHUSDT.csv,1583994988725347.0,19505626969.69697,0.005737063509263103,140000000.0,19505626969.69697,975281348.4848486,0.0,0.0,1.2510609363888232,1.2487837324810283
397,c:\dev\monitor-backend_for_badger\simulations\data_worst_day\data_unified_2020_03_ETHUSDT.csv,1583995050267352.0,19505626969.69697,0.005783341014631342,140000000.0,19505626969.69697,975281348.4848486,0.0,0.0,1.2410501175466944,1.2410501175466944
398,c:\dev\monitor-backend_for_badger\simulations\data_worst_day\data_unified_2020_03_ETHUSDT.csv,1583995106611636.0,19505626969.69697,0.005750938098190654,140000000.0,19505626969.69697,975281348.4848486,0.0,0.0,1.2480426538200762,1.2410501175466944
399,c:\dev\monitor-backend_for_badger\simulations\data_worst_day\data_unified_2020_03_ETHUSDT.csv,1583995169770991.5,19505626969.69697,0.00573902042294152,140000000.0,19505626969.69697,975281348.4848486,0.0,0.0,1.2506343447270882,1.2410501175466944
400,c:\dev\monitor-backend_for_badger\simulations\data_worst_day\data_unified_2020_03_ETHUSDT.csv,1583995230732150.0,19505626969.69697,0.005755293330123503,140000000.0,19505626969.69697,975281348.4848486,0.0,0.0,1.2470982162549176,1.2410501175466944
401,c:\dev\monitor-backend_for_badger\simulations\data_worst_day\data_unified_2020_03_ETHUSDT.csv,1583995285065756.8,19505626969.69697,0.0057416922232453975,140000000.0,19505626969.69697,975281348.4848486,0.0,0.0,1.2500523829826475,1.2410501175466944
402,c:\dev\monitor-backend_for_badger\simulations\data_worst_day\data_unified_2020_03_ETHUSDT.csv,1583995352830944.2,19505626969.69697,0.005740653625384946,140000000.0,19505626969.69697,975281348.4848486,0.0,0.0,1.2502785421998972,1.2410501175466944
403,c:\dev\monitor-backend_for_badger\simulations\data_worst_day\data_unified_2020_03_ETHUSDT.csv,1583995407447524.8,19505626969.69697,0.0057387303785282565,140000000.0,19505626969.69697,975281348.4848486,0.0,0.0,1.2506975537438563,1.2410501175466944
404,c:\dev\monitor-backend_for_badger\simulations\data_worst_day\data_unified_2020_03_ETHUSDT.csv,1583995471427663.8,19505626969.69697,0.005741749015860975,140000000.0,19505626969.69697,975281348.4848486,0.0,0.0,1.2500400185020264,1.2410501175466944
405,c:\dev\monitor-backend_for_badger\simulations\data_worst_day\data_unified_2020_03_ETHUSDT.csv,1583995530174319.8,19505626969.69697,0.005743924960616453,140000000.0,19505626969.69697,975281348.4848486,0.0,0.0,1.249566471573568,1.2410501175466944
406,c:\dev\monitor-backend_for_badger\simulations\data_worst_day\data_unified_2020_03_ETHUSDT.csv,1583995584676049.0,19505626969.69697,0.005747282806063746,140000000.0,19505626969.69697,975281348.4848486,0.0,0.0,1.2488364133479246,1.2410501175466944
407,c:\dev\monitor-backend_for_badger\simulations\data_worst_day\data_unified_2020_03_ETHUSDT.csv,1583995645365698.5,19505626969.69697,0.0057563017968134764,140000000.0,19505626969.69697,975281348.4848486,0.0,0.0,1.2468797327468233,1.2410501175466944
408,c:\dev\monitor-backend_for_badger\simulations\data_worst_day\data_unified_2020_03_ETHUSDT.csv,1583995704256372.0,19505626969.69697,0.005750963888426587,140000000.0,19505626969.69697,975281348.4848486,0.0,0.0,1.248037056964467,1.2410501175466944
409,c:\dev\monitor-backend_for_badger\simulations\data_worst_day\data_unified_2020_03_ETHUSDT.csv,1583995768668365.8,19505626969.69697,0.005751800636833689,140000000.0,19505626969.69697,975281348.4848486,0.0,0.0,1.2478554976432465,1.2410501175466944
410,c:\dev\monitor-backend_for_badger\simulations\data_worst_day\data_unified_2020_03_ETHUSDT.csv,1583995830417914.8,19505626969.69697,0.005757741981864165,140000000.0,19505626969.69697,975281348.4848486,0.0,0.0,1.2465678504921536,1.2410501175466944
411,c:\dev\monitor-backend_for_badger\simulations\data_worst_day\data_unified_2020_03_ETHUSDT.csv,1583995892398163.2,19505626969.69697,0.005778647568609279,140000000.0,19505626969.69697,975281348.4848486,0.0,0.0,1.2420581045658408,1.2410501175466944
412,c:\dev\monitor-backend_for_badger\simulations\data_worst_day\data_unified_2020_03_ETHUSDT.csv,1583995952054735.8,19505626969.69697,0.005766251080567386,140000000.0,19505626969.69697,975281348.4848486,0.0,0.0,1.2447283244757015,1.2410501175466944
413,c:\dev\monitor-backend_for_badger\simulations\data_worst_day\data_unified_2020_03_ETHUSDT.csv,1583996010013504.0,19505626969.69697,0.005765622210257923,140000000.0,19505626969.69697,975281348.4848486,0.0,0.0,1.244864089993813,1.2410501175466944
414,c:\dev\monitor-backend_for_badger\simulations\data_worst_day\data_unified_2020_03_ETHUSDT.csv,1583996065765648.5,19505626969.69697,0.005771291464023361,140000000.0,19505626969.69697,975281348.4848486,0.0,0.0,1.2436412353738981,1.2410501175466944
415,c:\dev\monitor-backend_for_badger\simulations\data_worst_day\data_unified_2020_03_ETHUSDT.csv,1583996131449570.0,19505626969.69697,0.005772274970985227,140000000.0,19505626969.69697,975281348.4848486,0.0,0.0,1.2434293380164085,1.2410501175466944
416,c:\dev\monitor-backend_for_badger\simulations\data_worst_day\data_unified_2020_03_ETHUSDT.csv,1583996187804027.0,19505626969.69697,0.005772363343981493,140000000.0,19505626969.69697,975281348.4848486,0.0,0.0,1.2434103015196227,1.2410501175466944
417,c:\dev\monitor-backend_for_badger\simulations\data_worst_day\data_unified_2020_03_ETHUSDT.csv,1583996250696200.2,19505626969.69697,0.005760221482908537,140000000.0,19505626969.69697,975281348.4848486,0.0,0.0,1.2460312623945697,1.2410501175466944
418,c:\dev\monitor-backend_for_badger\simulations\data_worst_day\data_unified_2020_03_ETHUSDT.csv,1583996308890164.5,19505626969.69697,0.005754627654540063,140000000.0,19505626969.69697,975281348.4848486,0.0,0.0,1.2472424762978862,1.2410501175466944
419,c:\dev\monitor-backend_for_badger\simulations\data_worst_day\data_unified_2020_03_ETHUSDT.csv,1583996366883246.0,19505626969.69697,0.005744973029228989,140000000.0,19505626969.69697,975281348.4848486,0.0,0.0,1.2493385102948167,1.2410501175466944
420,c:\dev\monitor-backend_for_badger\simulations\data_worst_day\data_unified_2020_03_ETHUSDT.csv,1583996433206313.8,19505626969.69697,0.005747774053028754,140000000.0,19505626969.69697,975281348.4848486,0.0,0.0,1.2487296786203261,1.2410501175466944
421,c:\dev\monitor-backend_for_badger\simulations\data_worst_day\data_unified_2020_03_ETHUSDT.csv,1583996485881318.0,19505626969.69697,0.00575176178902707,140000000.0,19505626969.69697,975281348.4848486,0.0,0.0,1.2478639257476847,1.2410501175466944
422,c:\dev\monitor-backend_for_badger\simulations\data_worst_day\data_unified_2020_03_ETHUSDT.csv,1583996549823610.8,19505626969.69697,0.005759547150417769,140000000.0,19505626969.69697,975281348.4848486,0.0,0.0,1.2461771487538271,1.2410501175466944
423,c:\dev\monitor-backend_for_badger\simulations\data_worst_day\data_unified_2020_03_ETHUSDT.csv,1583996608312892.5,19505626969.69697,0.005760741084562052,140000000.0,19505626969.69697,975281348.4848486,0.0,0.0,1.2459188740933482,1.2410501175466944
424,c:\dev\monitor-backend_for_badger\simulations\data_worst_day\data_unified_2020_03_ETHUSDT.csv,1583996670834453.5,19505626969.69697,0.005772305037273339,140000000.0,19505626969.69697,975281348.4848486,0.0,0.0,1.2434228613481655,1.2410501175466944
425,c:\dev\monitor-backend_for_badger\simulations\data_worst_day\data_unified_2020_03_ETHUSDT.csv,1583996732442205.5,19505626969.69697,0.005790786096177316,140000000.0,19505626969.69697,975281348.4848486,0.0,0.0,1.2394545277296443,1.2394545277296443
426,c:\dev\monitor-backend_for_badger\simulations\data_worst_day\data_unified_2020_03_ETHUSDT.csv,1583996785267975.0,19505626969.69697,0.0058175691935657674,140000000.0,19505626969.69697,975281348.4848486,0.0,0.0,1.2337482902582522,1.2337482902582522
427,c:\dev\monitor-backend_for_badger\simulations\data_worst_day\data_unified_2020_03_ETHUSDT.csv,1583996851915304.2,19505626969.69697,0.005844201914476367,140000000.0,19505626969.69697,975281348.4848486,0.0,0.0,1.2281259530479334,1.2281259530479334
428,c:\dev\monitor-backend_for_badger\simulations\data_worst_day\data_unified_2020_03_ETHUSDT.csv,1583996908491653.5,19505626969.69697,0.00581307544727166,140000000.0,19505626969.69697,975281348.4848486,0.0,0.0,1.2347020284055548,1.2281259530479334
429,c:\dev\monitor-backend_for_badger\simulations\data_worst_day\data_unified_2020_03_ETHUSDT.csv,1583996967471564.8,19505626969.69697,0.0058016355340568355,140000000.0,19505626969.69697,975281348.4848486,0.0,0.0,1.237136666701637,1.2281259530479334
430,c:\dev\monitor-backend_for_badger\simulations\data_worst_day\data_unified_2020_03_ETHUSDT.csv,1583997025651408.2,19505626969.69697,0.005820647517245567,140000000.0,19505626969.69697,975281348.4848486,0.0,0.0,1.2330958067389255,1.2281259530479334
431,c:\dev\monitor-backend_for_badger\simulations\data_worst_day\data_unified_2020_03_ETHUSDT.csv,1583997089902855.8,19505626969.69697,0.005834509841367418,140000000.0,19505626969.69697,975281348.4848486,0.0,0.0,1.230166070700927,1.2281259530479334
432,c:\dev\monitor-backend_for_badger\simulations\data_worst_day\data_unified_2020_03_ETHUSDT.csv,1583997149595382.2,19505626969.69697,0.0058679428740905535,140000000.0,19505626969.69697,975281348.4848486,0.0,0.0,1.2231571097449105,1.2231571097449105
433,c:\dev\monitor-backend_for_badger\simulations\data_worst_day\data_unified_2020_03_ETHUSDT.csv,1583997219779318.0,19505626969.69697,0.005898235629191002,140000000.0,19505626969.69697,975281348.4848486,0.0,0.0,1.2168750957488104,1.2168750957488104
434,c:\dev\monitor-backend_for_badger\simulations\data_worst_day\data_unified_2020_03_ETHUSDT.csv,1583997263536203.5,19505626969.69697,0.005906616879593096,140000000.0,19505626969.69697,975281348.4848486,0.0,0.0,1.2151483992161844,1.2151483992161844
435,c:\dev\monitor-backend_for_badger\simulations\data_worst_day\data_unified_2020_03_ETHUSDT.csv,1583997333699693.5,19505626969.69697,0.005885149039586592,140000000.0,19505626969.69697,975281348.4848486,0.0,0.0,1.2195810161716873,1.2151483992161844
436,c:\dev\monitor-backend_for_badger\simulations\data_worst_day\data_unified_2020_03_ETHUSDT.csv,1583997390537886.5,19505626969.69697,0.005898041717567725,140000000.0,19505626969.69697,975281348.4848486,0.0,0.0,1.2169151033032566,1.2151483992161844
437,c:\dev\monitor-backend_for_badger\simulations\data_worst_day\data_unified_2020_03_ETHUSDT.csv,1583997451159426.2,19505626969.69697,0.005862593356061241,140000000.0,19505626969.69697,975281348.4848486,0.0,0.0,1.2242732200759292,1.2151483992161844
438,c:\dev\monitor-backend_for_badger\simulations\data_worst_day\data_unified_2020_03_ETHUSDT.csv,1583997508679364.2,19505626969.69697,0.005830546855314308,140000000.0,19505626969.69697,975281348.4848486,0.0,0.0,1.2310022068477025,1.2151483992161844
439,c:\dev\monitor-backend_for_badger\simulations\data_worst_day\data_unified_2020_03_ETHUSDT.csv,1583997568454928.0,19505626969.69697,0.005861191427805085,140000000.0,19505626969.69697,975281348.4848486,0.0,0.0,1.2245660518732902,1.2151483992161844
440,c:\dev\monitor-backend_for_badger\simulations\data_worst_day\data_unified_2020_03_ETHUSDT.csv,1583997633103465.8,19505626969.69697,0.005854388834437917,140000000.0,19505626969.69697,975281348.4848486,0.0,0.0,1.2259889544405285,1.2151483992161844
441,c:\dev\monitor-backend_for_badger\simulations\data_worst_day\data_unified_2020_03_ETHUSDT.csv,1583997689928748.8,19505626969.69697,0.005842033969683833,140000000.0,19505626969.69697,975281348.4848486,0.0,0.0,1.228581703438688,1.2151483992161844
442,c:\dev\monitor-backend_for_badger\simulations\data_worst_day\data_unified_2020_03_ETHUSDT.csv,1583997750010997.5,19505626969.69697,0.005831352621795121,140000000.0,19505626969.69697,975281348.4848486,0.0,0.0,1.2308321090367114,1.2151483992161844
443,c:\dev\monitor-backend_for_badger\simulations\data_worst_day\data_unified_2020_03_ETHUSDT.csv,1583997804604515.2,19505626969.69697,0.0058207570028995445,140000000.0,19505626969.69697,975281348.4848486,0.0,0.0,1.2330726127968399,1.2151483992161844
444,c:\dev\monitor-backend_for_badger\simulations\data_worst_day\data_unified_2020_03_ETHUSDT.csv,1583997868847935.2,19505626969.69697,0.0058118061129991076,140000000.0,19505626969.69697,975281348.4848486,0.0,0.0,1.2349716949378808,1.2151483992161844
445,c:\dev\monitor-backend_for_badger\simulations\data_worst_day\data_unified_2020_03_ETHUSDT.csv,1583997932514544.5,19505626969.69697,0.005828297763878361,140000000.0,19505626969.69697,975281348.4848486,0.0,0.0,1.2314772403194327,1.2151483992161844
446,c:\dev\monitor-backend_for_badger\simulations\data_worst_day\data_unified_2020_03_ETHUSDT.csv,1583997987951559.0,19505626969.69697,0.005836804240386792,140000000.0,19505626969.69697,975281348.4848486,0.0,0.0,1.229682502688357,1.2151483992161844
447,c:\dev\monitor-backend_for_badger\simulations\data_worst_day\data_unified_2020_03_ETHUSDT.csv,1583998048078736.0,19505626969.69697,0.005839869845326825,140000000.0,19505626969.69697,975281348.4848486,0.0,0.0,1.2290369881726646,1.2151483992161844
448,c:\dev\monitor-backend_for_badger\simulations\data_worst_day\data_unified_2020_03_ETHUSDT.csv,1583998109573246.2,19505626969.69697,0.005829729472736855,140000000.0,19505626969.69697,975281348.4848486,0.0,0.0,1.231174804866425,1.2151483992161844
449,c:\dev\monitor-backend_for_badger\simulations\data_worst_day\data_unified_2020_03_ETHUSDT.csv,1583998169396963.2,19505626969.69697,0.005826052902475618,140000000.0,19505626969.69697,975281348.4848486,0.0,0.0,1.2319517460905656,1.2151483992161844
450,c:\dev\monitor-backend_for_badger\simulations\data_worst_day\data_unified_2020_03_ETHUSDT.csv,1583998225625514.2,19505626969.69697,0.005832793676581989,140000000.0,19505626969.69697,975281348.4848486,0.0,0.0,1.2305280186469416,1.2151483992161844
451,c:\dev\monitor-backend_for_badger\simulations\data_worst_day\data_unified_2020_03_ETHUSDT.csv,1583998292064438.0,19505626969.69697,0.005808986542649394,140000000.0,19505626969.69697,975281348.4848486,0.0,0.0,1.2355711264477005,1.2151483992161844
452,c:\dev\monitor-backend_for_badger\simulations\data_worst_day\data_unified_2020_03_ETHUSDT.csv,1583998346382301.0,19505626969.69697,0.005792366286048778,140000000.0,19505626969.69697,975281348.4848486,0.0,0.0,1.239116397612498,1.2151483992161844
453,c:\dev\monitor-backend_for_badger\simulations\data_worst_day\data_unified_2020_03_ETHUSDT.csv,1583998405922437.8,19505626969.69697,0.005794486413712528,140000000.0,19505626969.69697,975281348.4848486,0.0,0.0,1.2386630209427436,1.2151483992161844
454,c:\dev\monitor-backend_for_badger\simulations\data_worst_day\data_unified_2020_03_ETHUSDT.csv,1583998471790578.0,19505626969.69697,0.005769831075216596,140000000.0,19505626969.69697,975281348.4848486,0.0,0.0,1.243956010575476,1.2151483992161844
455,c:\dev\monitor-backend_for_badger\simulations\data_worst_day\data_unified_2020_03_ETHUSDT.csv,1583998527944956.8,19505626969.69697,0.005762020383515323,140000000.0,19505626969.69697,975281348.4848486,0.0,0.0,1.2456422519008878,1.2151483992161844
456,c:\dev\monitor-backend_for_badger\simulations\data_worst_day\data_unified_2020_03_ETHUSDT.csv,1583998589089120.2,19505626969.69697,0.005760973976849626,140000000.0,19505626969.69697,975281348.4848486,0.0,0.0,1.245868506759997,1.2151483992161844
457,c:\dev\monitor-backend_for_badger\simulations\data_worst_day\data_unified_2020_03_ETHUSDT.csv,1583998648936425.5,19505626969.69697,0.005769578160525295,140000000.0,19505626969.69697,975281348.4848486,0.0,0.0,1.2440105405153872,1.2151483992161844
458,c:\dev\monitor-backend_for_badger\simulations\data_worst_day\data_unified_2020_03_ETHUSDT.csv,1583998710088742.0,19505626969.69697,0.005791026534424951,140000000.0,19505626969.69697,975281348.4848486,0.0,0.0,1.239403066685061,1.2151483992161844
459,c:\dev\monitor-backend_for_badger\simulations\data_worst_day\data_unified_2020_03_ETHUSDT.csv,1583998768818420.8,19505626969.69697,0.005797656331870156,140000000.0,19505626969.69697,975281348.4848486,0.0,0.0,1.237985771347992,1.2151483992161844
460,c:\dev\monitor-backend_for_badger\simulations\data_worst_day\data_unified_2020_03_ETHUSDT.csv,1583998830934224.0,19505626969.69697,0.005788363402148224,140000000.0,19505626969.69697,975281348.4848486,0.0,0.0,1.2399732959677523,1.2151483992161844
461,c:\dev\monitor-backend_for_badger\simulations\data_worst_day\data_unified_2020_03_ETHUSDT.csv,1583998889707010.5,19505626969.69697,0.005801757316467045,140000000.0,19505626969.69697,975281348.4848486,0.0,0.0,1.2371106984515343,1.2151483992161844
462,c:\dev\monitor-backend_for_badger\simulations\data_worst_day\data_unified_2020_03_ETHUSDT.csv,1583998951893432.8,19505626969.69697,0.005809605293424767,140000000.0,19505626969.69697,975281348.4848486,0.0,0.0,1.235439532207833,1.2151483992161844
463,c:\dev\monitor-backend_for_badger\simulations\data_worst_day\data_unified_2020_03_ETHUSDT.csv,1583999010317453.5,19505626969.69697,0.005812962918670946,140000000.0,19505626969.69697,975281348.4848486,0.0,0.0,1.2347259300360138,1.2151483992161844
464,c:\dev\monitor-backend_for_badger\simulations\data_worst_day\data_unified_2020_03_ETHUSDT.csv,1583999073055915.0,19505626969.69697,0.005831597940371864,140000000.0,19505626969.69697,975281348.4848486,0.0,0.0,1.2307803314648889,1.2151483992161844
465,c:\dev\monitor-backend_for_badger\simulations\data_worst_day\data_unified_2020_03_ETHUSDT.csv,1583999131318308.0,19505626969.69697,0.005831906246400365,140000000.0,19505626969.69697,975281348.4848486,0.0,0.0,1.2307152657762581,1.2151483992161844
466,c:\dev\monitor-backend_for_badger\simulations\data_worst_day\data_unified_2020_03_ETHUSDT.csv,1583999186086322.5,19505626969.69697,0.005833971486889951,140000000.0,19505626969.69697,975281348.4848486,0.0,0.0,1.2302795894957441,1.2151483992161844
467,c:\dev\monitor-backend_for_badger\simulations\data_worst_day\data_unified_2020_03_ETHUSDT.csv,1583999251451823.8,19505626969.69697,0.0058289784807292,140000000.0,19505626969.69697,975281348.4848486,0.0,0.0,1.2313334265600098,1.2151483992161844
468,c:\dev\monitor-backend_for_badger\simulations\data_worst_day\data_unified_2020_03_ETHUSDT.csv,1583999309185640.0,19505626969.69697,0.005834733702735626,140000000.0,19505626969.69697,975281348.4848486,0.0,0.0,1.2301188728897259,1.2151483992161844
469,c:\dev\monitor-backend_for_badger\simulations\data_worst_day\data_unified_2020_03_ETHUSDT.csv,1583999370670197.8,19505626969.69697,0.0058459254789123,140000000.0,19505626969.69697,975281348.4848486,0.0,0.0,1.227763862524687,1.2151483992161844
470,c:\dev\monitor-backend_for_badger\simulations\data_worst_day\data_unified_2020_03_ETHUSDT.csv,1583999431398190.8,19505626969.69697,0.00582319597978059,140000000.0,19505626969.69697,975281348.4848486,0.0,0.0,1.2325561548919879,1.2151483992161844
471,c:\dev\monitor-backend_for_badger\simulations\data_worst_day\data_unified_2020_03_ETHUSDT.csv,1583999493870784.8,19505626969.69697,0.005802957225512504,140000000.0,19505626969.69697,975281348.4848486,0.0,0.0,1.2368548943400064,1.2151483992161844
472,c:\dev\monitor-backend_for_badger\simulations\data_worst_day\data_unified_2020_03_ETHUSDT.csv,1583999551953752.5,19505626969.69697,0.005805890923033834,140000000.0,19505626969.69697,975281348.4848486,0.0,0.0,1.23622991564408,1.2151483992161844
473,c:\dev\monitor-backend_for_badger\simulations\data_worst_day\data_unified_2020_03_ETHUSDT.csv,1583999611435359.5,19505626969.69697,0.005795092829127751,140000000.0,19505626969.69697,975281348.4848486,0.0,0.0,1.23853340363163,1.2151483992161844
474,c:\dev\monitor-backend_for_badger\simulations\data_worst_day\data_unified_2020_03_ETHUSDT.csv,1583999667045667.0,19505626969.69697,0.005785318955786954,140000000.0,19505626969.69697,975281348.4848486,0.0,0.0,1.2406258152528307,1.2151483992161844
475,c:\dev\monitor-backend_for_badger\simulations\data_worst_day\data_unified_2020_03_ETHUSDT.csv,1583999730227414.8,19505626969.69697,0.005802156958431141,140000000.0,19505626969.69697,975281348.4848486,0.0,0.0,1.2370254885282461,1.2151483992161844
476,c:\dev\monitor-backend_for_badger\simulations\data_worst_day\data_unified_2020_03_ETHUSDT.csv,1583999783370939.8,19505626969.69697,0.005803866605397129,140000000.0,19505626969.69697,975281348.4848486,0.0,0.0,1.2366610975080692,1.2151483992161844
477,c:\dev\monitor-backend_for_badger\simulations\data_worst_day\data_unified_2020_03_ETHUSDT.csv,1583999845497785.2,19505626969.69697,0.00580990935341135,140000000.0,19505626969.69697,975281348.4848486,0.0,0.0,1.2353748758242757,1.2151483992161844
478,c:\dev\monitor-backend_for_badger\simulations\data_worst_day\data_unified_2020_03_ETHUSDT.csv,1583999906502924.2,19505626969.69697,0.0058090314944355325,140000000.0,19505626969.69697,975281348.4848486,0.0,0.0,1.2355615652791843,1.2151483992161844
479,c:\dev\monitor-backend_for_badger\simulations\data_worst_day\data_unified_2020_03_ETHUSDT.csv,1583999975565732.0,19505626969.69697,0.005820024134919722,140000000.0,19505626969.69697,975281348.4848486,0.0,0.0,1.233227883533484,1.2151483992161844
480,c:\dev\monitor-backend_for_badger\simulations\data_worst_day\data_unified_2020_03_ETHUSDT.csv,1584000034037743.2,19505626969.69697,0.005820994502974741,140000000.0,19505626969.69697,975281348.4848486,0.0,0.0,1.2330223026929372,1.2151483992161844
481,c:\dev\monitor-backend_for_badger\simulations\data_worst_day\data_unified_2020_03_ETHUSDT.csv,1584000092257647.8,19505626969.69697,0.005830803981734463,140000000.0,19505626969.69697,975281348.4848486,0.0,0.0,1.2309479221913087,1.2151483992161844
482,c:\dev\monitor-backend_for_badger\simulations\data_worst_day\data_unified_2020_03_ETHUSDT.csv,1584000151555522.8,19505626969.69697,0.005836318689780383,140000000.0,19505626969.69697,975281348.4848486,0.0,0.0,1.229784805718162,1.2151483992161844
483,c:\dev\monitor-backend_for_badger\simulations\data_worst_day\data_unified_2020_03_ETHUSDT.csv,1584000208097933.2,19505626969.69697,0.005832164034598132,140000000.0,19505626969.69697,975281348.4848486,0.0,0.0,1.230660866779857,1.2151483992161844
484,c:\dev\monitor-backend_for_badger\simulations\data_worst_day\data_unified_2020_03_ETHUSDT.csv,1584000270547816.2,19505626969.69697,0.005824971188133538,140000000.0,19505626969.69697,975281348.4848486,0.0,0.0,1.2321805231659289,1.2151483992161844
485,c:\dev\monitor-backend_for_badger\simulations\data_worst_day\data_unified_2020_03_ETHUSDT.csv,1584000331177450.5,19505626969.69697,0.0058338319542950694,140000000.0,19505626969.69697,975281348.4848486,0.0,0.0,1.2303090151125424,1.2151483992161844
486,c:\dev\monitor-backend_for_badger\simulations\data_worst_day\data_unified_2020_03_ETHUSDT.csv,1584000391797638.2,19505626969.69697,0.005850960340290297,140000000.0,19505626969.69697,975281348.4848486,0.0,0.0,1.226707348637529,1.2151483992161844
487,c:\dev\monitor-backend_for_badger\simulations\data_worst_day\data_unified_2020_03_ETHUSDT.csv,1584000450688510.0,19505626969.69697,0.005852507591657912,140000000.0,19505626969.69697,975281348.4848486,0.0,0.0,1.2263830389987773,1.2151483992161844
488,c:\dev\monitor-backend_for_badger\simulations\data_worst_day\data_unified_2020_03_ETHUSDT.csv,1584000509266439.0,19505626969.69697,0.005860822802502609,140000000.0,19505626969.69697,975281348.4848486,0.0,0.0,1.2246430728047335,1.2151483992161844
489,c:\dev\monitor-backend_for_badger\simulations\data_worst_day\data_unified_2020_03_ETHUSDT.csv,1584000573176098.5,19505626969.69697,0.005885677661653316,140000000.0,19505626969.69697,975281348.4848486,0.0,0.0,1.219471479517734,1.2151483992161844
490,c:\dev\monitor-backend_for_badger\simulations\data_worst_day\data_unified_2020_03_ETHUSDT.csv,1584000629697484.8,19505626969.69697,0.005873485632574317,140000000.0,19505626969.69697,975281348.4848486,0.0,0.0,1.222002826773754,1.2151483992161844
491,c:\dev\monitor-backend_for_badger\simulations\data_worst_day\data_unified_2020_03_ETHUSDT.csv,1584000689102424.0,19505626969.69697,0.005865625718196121,140000000.0,19505626969.69697,975281348.4848486,0.0,0.0,1.2236403055441023,1.2151483992161844
492,c:\dev\monitor-backend_for_badger\simulations\data_worst_day\data_unified_2020_03_ETHUSDT.csv,1584000747883458.5,19505626969.69697,0.005878808673490738,140000000.0,19505626969.69697,975281348.4848486,0.0,0.0,1.2208963490147087,1.2151483992161844
493,c:\dev\monitor-backend_for_badger\simulations\data_worst_day\data_unified_2020_03_ETHUSDT.csv,1584000811970152.0,19505626969.69697,0.005883208066453127,140000000.0,19505626969.69697,975281348.4848486,0.0,0.0,1.2199833772576347,1.2151483992161844
494,c:\dev\monitor-backend_for_badger\simulations\data_worst_day\data_unified_2020_03_ETHUSDT.csv,1584000873216526.2,19505626969.69697,0.005897335411826436,140000000.0,19505626969.69697,975281348.4848486,0.0,0.0,1.217060849485914,1.2151483992161844
495,c:\dev\monitor-backend_for_badger\simulations\data_worst_day\data_unified_2020_03_ETHUSDT.csv,1584000928841111.0,19505626969.69697,0.005901898889595654,140000000.0,19505626969.69697,975281348.4848486,0.0,0.0,1.2161197913223787,1.2151483992161844
496,c:\dev\monitor-backend_for_badger\simulations\data_worst_day\data_unified_2020_03_ETHUSDT.csv,1584000993570459.8,19505626969.69697,0.005918290775529064,140000000.0,19505626969.69697,975281348.4848486,0.0,0.0,1.2127515051639588,1.2127515051639588
497,c:\dev\monitor-backend_for_badger\simulations\data_worst_day\data_unified_2020_03_ETHUSDT.csv,1584001047390542.2,19505626969.69697,0.005965902415952104,140000000.0,19505626969.69697,975281348.4848486,0.0,0.0,1.2030729880578166,1.2030729880578166
498,c:\dev\monitor-backend_for_badger\simulations\data_worst_day\data_unified_2020_03_ETHUSDT.csv,1584001112007187.2,19505626969.69697,0.005919101916504086,140000000.0,19505626969.69697,975281348.4848486,0.0,0.0,1.212585312310341,1.2030729880578166
499,c:\dev\monitor-backend_for_badger\simulations\data_worst_day\data_unified_2020_03_ETHUSDT.csv,1584001168276864.2,19505626969.69697,0.005905385147790052,140000000.0,19505626969.69697,975281348.4848486,0.0,0.0,1.2154018521055854,1.2030729880578166
500,c:\dev\monitor-backend_for_badger\simulations\data_worst_day\data_unified_2020_03_ETHUSDT.csv,1584001229081071.0,19505626969.69697,0.0059034273487784065,140000000.0,19505626969.69697,975281348.4848486,0.0,0.0,1.2158049251687775,1.2030729880578166
501,c:\dev\monitor-backend_for_badger\simulations\data_worst_day\data_unified_2020_03_ETHUSDT.csv,1584001290136356.8,19505626969.69697,0.005897016476914588,140000000.0,19505626969.69697,975281348.4848486,0.0,0.0,1.2171266731437356,1.2030729880578166
502,c:\dev\monitor-backend_for_badger\simulations\data_worst_day\data_unified_2020_03_ETHUSDT.csv,1584001349913619.8,19505626969.69697,0.0058780775422396896,140000000.0,19505626969.69697,975281348.4848486,0.0,0.0,1.2210482074188624,1.2030729880578166
503,c:\dev\monitor-backend_for_badger\simulations\data_worst_day\data_unified_2020_03_ETHUSDT.csv,1584001412096440.0,19505626969.69697,0.005869794419905643,140000000.0,19505626969.69697,975281348.4848486,0.0,0.0,1.222771281679099,1.2030729880578166
504,c:\dev\monitor-backend_for_badger\simulations\data_worst_day\data_unified_2020_03_ETHUSDT.csv,1584001468062713.0,19505626969.69697,0.005849357873307786,140000000.0,19505626969.69697,975281348.4848486,0.0,0.0,1.2270434125382124,1.2030729880578166
505,c:\dev\monitor-backend_for_badger\simulations\data_worst_day\data_unified_2020_03_ETHUSDT.csv,1584001529331455.8,19505626969.69697,0.005852596166534308,140000000.0,19505626969.69697,975281348.4848486,0.0,0.0,1.2263644785645695,1.2030729880578166
506,c:\dev\monitor-backend_for_badger\simulations\data_worst_day\data_unified_2020_03_ETHUSDT.csv,1584001588750656.5,19505626969.69697,0.005857335684252974,140000000.0,19505626969.69697,975281348.4848486,0.0,0.0,1.225372154325526,1.2030729880578166
507,c:\dev\monitor-backend_for_badger\simulations\data_worst_day\data_unified_2020_03_ETHUSDT.csv,1584001650341666.8,19505626969.69697,0.00586088742812081,140000000.0,19505626969.69697,975281348.4848486,0.0,0.0,1.2246295691644355,1.2030729880578166
508,c:\dev\monitor-backend_for_badger\simulations\data_worst_day\data_unified_2020_03_ETHUSDT.csv,1584001706585181.2,19505626969.69697,0.005863399363951115,140000000.0,19505626969.69697,975281348.4848486,0.0,0.0,1.224104926256339,1.2030729880578166
509,c:\dev\monitor-backend_for_badger\simulations\data_worst_day\data_unified_2020_03_ETHUSDT.csv,1584001774611902.0,19505626969.69697,0.005848003480432573,140000000.0,19505626969.69697,975281348.4848486,0.0,0.0,1.2273275947999156,1.2030729880578166
510,c:\dev\monitor-backend_for_badger\simulations\data_worst_day\data_unified_2020_03_ETHUSDT.csv,1584001829354387.5,19505626969.69697,0.005837032903623661,140000000.0,19505626969.69697,975281348.4848486,0.0,0.0,1.2296343304087025,1.2030729880578166
511,c:\dev\monitor-backend_for_badger\simulations\data_worst_day\data_unified_2020_03_ETHUSDT.csv,1584001889194546.2,19505626969.69697,0.005823437852305895,140000000.0,19505626969.69697,975281348.4848486,0.0,0.0,1.2325049615114925,1.2030729880578166
512,c:\dev\monitor-backend_for_badger\simulations\data_worst_day\data_unified_2020_03_ETHUSDT.csv,1584001954120260.5,19505626969.69697,0.005811780121834126,140000000.0,19505626969.69697,975281348.4848486,0.0,0.0,1.2349772179192047,1.2030729880578166
513,c:\dev\monitor-backend_for_badger\simulations\data_worst_day\data_unified_2020_03_ETHUSDT.csv,1584002009109012.8,19505626969.69697,0.005813956128524192,140000000.0,19505626969.69697,975281348.4848486,0.0,0.0,1.2345149993147184,1.2030729880578166
514,c:\dev\monitor-backend_for_badger\simulations\data_worst_day\data_unified_2020_03_ETHUSDT.csv,1584002070346225.5,19505626969.69697,0.005814298640644695,140000000.0,19505626969.69697,975281348.4848486,0.0,0.0,1.2344422757798017,1.2030729880578166
515,c:\dev\monitor-backend_for_badger\simulations\data_worst_day\data_unified_2020_03_ETHUSDT.csv,1584002127566647.2,19505626969.69697,0.00581620114072821,140000000.0,19505626969.69697,975281348.4848486,0.0,0.0,1.2340384853200255,1.2030729880578166
516,c:\dev\monitor-backend_for_badger\simulations\data_worst_day\data_unified_2020_03_ETHUSDT.csv,1584002193435655.8,19505626969.69697,0.005831410781318414,140000000.0,19505626969.69697,975281348.4848486,0.0,0.0,1.230819833343676,1.2030729880578166
517,c:\dev\monitor-backend_for_badger\simulations\data_worst_day\data_unified_2020_03_ETHUSDT.csv,1584002246550302.5,19505626969.69697,0.005822220144776845,140000000.0,19505626969.69697,975281348.4848486,0.0,0.0,1.2327627378466195,1.2030729880578166
518,c:\dev\monitor-backend_for_badger\simulations\data_worst_day\data_unified_2020_03_ETHUSDT.csv,1584002313999810.2,19505626969.69697,0.005835967779030013,140000000.0,19505626969.69697,975281348.4848486,0.0,0.0,1.2298587514158263,1.2030729880578166
519,c:\dev\monitor-backend_for_badger\simulations\data_worst_day\data_unified_2020_03_ETHUSDT.csv,1584002366311720.2,19505626969.69697,0.005842204366202173,140000000.0,19505626969.69697,975281348.4848486,0.0,0.0,1.2285458700388892,1.2030729880578166
520,c:\dev\monitor-backend_for_badger\simulations\data_worst_day\data_unified_2020_03_ETHUSDT.csv,1584002438851473.5,19505626969.69697,0.005854065679879164,140000000.0,19505626969.69697,975281348.4848486,0.0,0.0,1.2260566311529661,1.2030729880578166
521,c:\dev\monitor-backend_for_badger\simulations\data_worst_day\data_unified_2020_03_ETHUSDT.csv,1584002491752387.5,19505626969.69697,0.0058557938092018095,140000000.0,19505626969.69697,975281348.4848486,0.0,0.0,1.225694804134366,1.2030729880578166
522,c:\dev\monitor-backend_for_badger\simulations\data_worst_day\data_unified_2020_03_ETHUSDT.csv,1584002546382086.5,19505626969.69697,0.005842475543045876,140000000.0,19505626969.69697,975281348.4848486,0.0,0.0,1.2284888474311044,1.2030729880578166
523,c:\dev\monitor-backend_for_badger\simulations\data_worst_day\data_unified_2020_03_ETHUSDT.csv,1584002611301555.8,19505626969.69697,0.005853950003229758,140000000.0,19505626969.69697,975281348.4848486,0.0,0.0,1.2260808585759873,1.2030729880578166
524,c:\dev\monitor-backend_for_badger\simulations\data_worst_day\data_unified_2020_03_ETHUSDT.csv,1584002671754055.0,19505626969.69697,0.005873472242553484,140000000.0,19505626969.69697,975281348.4848486,0.0,0.0,1.2220056126289742,1.2030729880578166
525,c:\dev\monitor-backend_for_badger\simulations\data_worst_day\data_unified_2020_03_ETHUSDT.csv,1584002728101133.8,19505626969.69697,0.0058728169369979735,140000000.0,19505626969.69697,975281348.4848486,0.0,0.0,1.2221419674780036,1.2030729880578166
526,c:\dev\monitor-backend_for_badger\simulations\data_worst_day\data_unified_2020_03_ETHUSDT.csv,1584002790744382.5,19505626969.69697,0.005880649584576619,140000000.0,19505626969.69697,975281348.4848486,0.0,0.0,1.220514152865918,1.2030729880578166
527,c:\dev\monitor-backend_for_badger\simulations\data_worst_day\data_unified_2020_03_ETHUSDT.csv,1584002854340802.5,19505626969.69697,0.005897910189708743,140000000.0,19505626969.69697,975281348.4848486,0.0,0.0,1.216942241430653,1.2030729880578166
528,c:\dev\monitor-backend_for_badger\simulations\data_worst_day\data_unified_2020_03_ETHUSDT.csv,1584002911397890.5,19505626969.69697,0.005907789046231655,140000000.0,19505626969.69697,975281348.4848486,0.0,0.0,1.214907301166929,1.2030729880578166
529,c:\dev\monitor-backend_for_badger\simulations\data_worst_day\data_unified_2020_03_ETHUSDT.csv,1584002967247857.8,19505626969.69697,0.005903728083947375,140000000.0,19505626969.69697,975281348.4848486,0.0,0.0,1.2157429922182073,1.2030729880578166
530,c:\dev\monitor-backend_for_badger\simulations\data_worst_day\data_unified_2020_03_ETHUSDT.csv,1584003030170199.8,19505626969.69697,0.0058891588471074036,140000000.0,19505626969.69697,975281348.4848486,0.0,0.0,1.218750628461346,1.2030729880578166
531,c:\dev\monitor-backend_for_badger\simulations\data_worst_day\data_unified_2020_03_ETHUSDT.csv,1584003091604767.8,19505626969.69697,0.0058833830824895515,140000000.0,19505626969.69697,975281348.4848486,0.0,0.0,1.2199470857817616,1.2030729880578166
532,c:\dev\monitor-backend_for_badger\simulations\data_worst_day\data_unified_2020_03_ETHUSDT.csv,1584003139539594.0,19505626969.69697,0.005881638604320687,140000000.0,19505626969.69697,975281348.4848486,0.0,0.0,1.2203089188016878,1.2030729880578166
533,c:\dev\monitor-backend_for_badger\simulations\data_worst_day\data_unified_2020_03_ETHUSDT.csv,1584003215528609.2,19505626969.69697,0.0058751360260875666,140000000.0,19505626969.69697,975281348.4848486,0.0,0.0,1.2216595520768745,1.2030729880578166
534,c:\dev\monitor-backend_for_badger\simulations\data_worst_day\data_unified_2020_03_ETHUSDT.csv,1584003271171732.0,19505626969.69697,0.005873755291900102,140000000.0,19505626969.69697,975281348.4848486,0.0,0.0,1.2219467256183603,1.2030729880578166
535,c:\dev\monitor-backend_for_badger\simulations\data_worst_day\data_unified_2020_03_ETHUSDT.csv,1584003331173882.8,19505626969.69697,0.005860731241827726,140000000.0,19505626969.69697,975281348.4848486,0.0,0.0,1.2246622050838998,1.2030729880578166
536,c:\dev\monitor-backend_for_badger\simulations\data_worst_day\data_unified_2020_03_ETHUSDT.csv,1584003390999883.8,19505626969.69697,0.005855973583220677,140000000.0,19505626969.69697,975281348.4848486,0.0,0.0,1.2256571762185784,1.2030729880578166
537,c:\dev\monitor-backend_for_badger\simulations\data_worst_day\data_unified_2020_03_ETHUSDT.csv,1584003449116713.2,19505626969.69697,0.0058594462381505045,140000000.0,19505626969.69697,975281348.4848486,0.0,0.0,1.224930779173144,1.2030729880578166
538,c:\dev\monitor-backend_for_badger\simulations\data_worst_day\data_unified_2020_03_ETHUSDT.csv,1584003510553004.2,19505626969.69697,0.00587950005123479,140000000.0,19505626969.69697,975281348.4848486,0.0,0.0,1.2207527822903024,1.2030729880578166
539,c:\dev\monitor-backend_for_badger\simulations\data_worst_day\data_unified_2020_03_ETHUSDT.csv,1584003572171216.0,19505626969.69697,0.0058938242825500855,140000000.0,19505626969.69697,975281348.4848486,0.0,0.0,1.217785889421764,1.2030729880578166
540,c:\dev\monitor-backend_for_badger\simulations\data_worst_day\data_unified_2020_03_ETHUSDT.csv,1584003629910689.5,19505626969.69697,0.005907055986358204,140000000.0,19505626969.69697,975281348.4848486,0.0,0.0,1.2150580699753684,1.2030729880578166
541,c:\dev\monitor-backend_for_badger\simulations\data_worst_day\data_unified_2020_03_ETHUSDT.csv,1584003691111717.8,19505626969.69697,0.005902217586789908,140000000.0,19505626969.69697,975281348.4848486,0.0,0.0,1.2160541255010713,1.2030729880578166
542,c:\dev\monitor-backend_for_badger\simulations\data_worst_day\data_unified_2020_03_ETHUSDT.csv,1584003746335052.8,19505626969.69697,0.0059020748048508945,140000000.0,19505626969.69697,975281348.4848486,0.0,0.0,1.2160835440651738,1.2030729880578166
543,c:\dev\monitor-backend_for_badger\simulations\data_worst_day\data_unified_2020_03_ETHUSDT.csv,1584003812901801.8,19505626969.69697,0.005887268626878668,140000000.0,19505626969.69697,975281348.4848486,0.0,0.0,1.2191419316679273,1.2030729880578166
544,c:\dev\monitor-backend_for_badger\simulations\data_worst_day\data_unified_2020_03_ETHUSDT.csv,1584003868215878.0,19505626969.69697,0.005898422694259478,140000000.0,19505626969.69697,975281348.4848486,0.0,0.0,1.2168365032580866,1.2030729880578166
545,c:\dev\monitor-backend_for_badger\simulations\data_worst_day\data_unified_2020_03_ETHUSDT.csv,1584003926607128.8,19505626969.69697,0.0059046017766078845,140000000.0,19505626969.69697,975281348.4848486,0.0,0.0,1.2155631010469559,1.2030729880578166
546,c:\dev\monitor-backend_for_badger\simulations\data_worst_day\data_unified_2020_03_ETHUSDT.csv,1584003998233237.8,19505626969.69697,0.005900641666665095,140000000.0,19505626969.69697,975281348.4848486,0.0,0.0,1.2163789044450402,1.2030729880578166
547,c:\dev\monitor-backend_for_badger\simulations\data_worst_day\data_unified_2020_03_ETHUSDT.csv,1584004042876843.2,19505626969.69697,0.005882823243843917,140000000.0,19505626969.69697,975281348.4848486,0.0,0.0,1.2200631819988226,1.2030729880578166
548,c:\dev\monitor-backend_for_badger\simulations\data_worst_day\data_unified_2020_03_ETHUSDT.csv,1584004108183254.5,19505626969.69697,0.005878315208626659,140000000.0,19505626969.69697,975281348.4848486,0.0,0.0,1.220998839172099,1.2030729880578166
549,c:\dev\monitor-backend_for_badger\simulations\data_worst_day\data_unified_2020_03_ETHUSDT.csv,1584004166870294.2,19505626969.69697,0.005872616909592183,140000000.0,19505626969.69697,975281348.4848486,0.0,0.0,1.222183594897436,1.2030729880578166
550,c:\dev\monitor-backend_for_badger\simulations\data_worst_day\data_unified_2020_03_ETHUSDT.csv,1584004227497564.2,19505626969.69697,0.0058863298261921035,140000000.0,19505626969.69697,975281348.4848486,0.0,0.0,1.2193363705315765,1.2030729880578166
551,c:\dev\monitor-backend_for_badger\simulations\data_worst_day\data_unified_2020_03_ETHUSDT.csv,1584004292513029.5,19505626969.69697,0.005900056785917082,140000000.0,19505626969.69697,975281348.4848486,0.0,0.0,1.216499485759647,1.2030729880578166
552,c:\dev\monitor-backend_for_badger\simulations\data_worst_day\data_unified_2020_03_ETHUSDT.csv,1584004358095873.8,19505626969.69697,0.005900046890698555,140000000.0,19505626969.69697,975281348.4848486,0.0,0.0,1.2165015260024574,1.2030729880578166
553,c:\dev\monitor-backend_for_badger\simulations\data_worst_day\data_unified_2020_03_ETHUSDT.csv,1584004404544314.0,19505626969.69697,0.005899583270220341,140000000.0,19505626969.69697,975281348.4848486,0.0,0.0,1.216597125130972,1.2030729880578166
554,c:\dev\monitor-backend_for_badger\simulations\data_worst_day\data_unified_2020_03_ETHUSDT.csv,1584004473317106.5,19505626969.69697,0.005916966136033463,140000000.0,19505626969.69697,975281348.4848486,0.0,0.0,1.2130230055418816,1.2030729880578166
555,c:\dev\monitor-backend_for_badger\simulations\data_worst_day\data_unified_2020_03_ETHUSDT.csv,1584004524219841.5,19505626969.69697,0.005919416479170181,140000000.0,19505626969.69697,975281348.4848486,0.0,0.0,1.2125208745283313,1.2030729880578166
556,c:\dev\monitor-backend_for_badger\simulations\data_worst_day\data_unified_2020_03_ETHUSDT.csv,1584004587670331.8,19505626969.69697,0.005922185826701403,140000000.0,19505626969.69697,975281348.4848486,0.0,0.0,1.2119538724468888,1.2030729880578166
557,c:\dev\monitor-backend_for_badger\simulations\data_worst_day\data_unified_2020_03_ETHUSDT.csv,1584004650021534.0,19505626969.69697,0.005939119325637051,140000000.0,19505626969.69697,975281348.4848486,0.0,0.0,1.208498373662659,1.2030729880578166
558,c:\dev\monitor-backend_for_badger\simulations\data_worst_day\data_unified_2020_03_ETHUSDT.csv,1584004712198892.2,19505626969.69697,0.0059477035853270814,140000000.0,19505626969.69697,975281348.4848486,0.0,0.0,1.2067541603329814,1.2030729880578166
559,c:\dev\monitor-backend_for_badger\simulations\data_worst_day\data_unified_2020_03_ETHUSDT.csv,1584004768382119.8,19505626969.69697,0.005952895873778011,140000000.0,19505626969.69697,975281348.4848486,0.0,0.0,1.205701594351203,1.2030729880578166
560,c:\dev\monitor-backend_for_badger\simulations\data_worst_day\data_unified_2020_03_ETHUSDT.csv,1584004829578349.2,19505626969.69697,0.0059458742361532665,140000000.0,19505626969.69697,975281348.4848486,0.0,0.0,1.2071254387419292,1.2030729880578166
561,c:\dev\monitor-backend_for_badger\simulations\data_worst_day\data_unified_2020_03_ETHUSDT.csv,1584004883525625.2,19505626969.69697,0.005923609995900852,140000000.0,19505626969.69697,975281348.4848486,0.0,0.0,1.2116624914516028,1.2030729880578166
562,c:\dev\monitor-backend_for_badger\simulations\data_worst_day\data_unified_2020_03_ETHUSDT.csv,1584004949224355.0,19505626969.69697,0.005917149609166838,140000000.0,19505626969.69697,975281348.4848486,0.0,0.0,1.2129853933220829,1.2030729880578166
563,c:\dev\monitor-backend_for_badger\simulations\data_worst_day\data_unified_2020_03_ETHUSDT.csv,1584005012944937.5,19505626969.69697,0.005917573674883936,140000000.0,19505626969.69697,975281348.4848486,0.0,0.0,1.2128984682495938,1.2030729880578166
564,c:\dev\monitor-backend_for_badger\simulations\data_worst_day\data_unified_2020_03_ETHUSDT.csv,1584005071429625.8,19505626969.69697,0.005896594508905182,140000000.0,19505626969.69697,975281348.4848486,0.0,0.0,1.2172137723191472,1.2030729880578166
565,c:\dev\monitor-backend_for_badger\simulations\data_worst_day\data_unified_2020_03_ETHUSDT.csv,1584005128256955.5,19505626969.69697,0.005897198833201866,140000000.0,19505626969.69697,975281348.4848486,0.0,0.0,1.2170890365119145,1.2030729880578166
566,c:\dev\monitor-backend_for_badger\simulations\data_worst_day\data_unified_2020_03_ETHUSDT.csv,1584005187313336.5,19505626969.69697,0.005904644882496859,140000000.0,19505626969.69697,975281348.4848486,0.0,0.0,1.21555422702843,1.2030729880578166
567,c:\dev\monitor-backend_for_badger\simulations\data_worst_day\data_unified_2020_03_ETHUSDT.csv,1584005246600789.5,19505626969.69697,0.0059082705105330474,140000000.0,19505626969.69697,975281348.4848486,0.0,0.0,1.214808298507188,1.2030729880578166
568,c:\dev\monitor-backend_for_badger\simulations\data_worst_day\data_unified_2020_03_ETHUSDT.csv,1584005311865763.2,19505626969.69697,0.005903586019541673,140000000.0,19505626969.69697,975281348.4848486,0.0,0.0,1.2157722479629536,1.2030729880578166
569,c:\dev\monitor-backend_for_badger\simulations\data_worst_day\data_unified_2020_03_ETHUSDT.csv,1584005369559756.5,19505626969.69697,0.005896001306647998,140000000.0,19505626969.69697,975281348.4848486,0.0,0.0,1.2173362373458085,1.2030729880578166
570,c:\dev\monitor-backend_for_badger\simulations\data_worst_day\data_unified_2020_03_ETHUSDT.csv,1584005433123035.0,19505626969.69697,0.005899940638741337,140000000.0,19505626969.69697,975281348.4848486,0.0,0.0,1.2165234339632336,1.2030729880578166
571,c:\dev\monitor-backend_for_badger\simulations\data_worst_day\data_unified_2020_03_ETHUSDT.csv,1584005482798288.0,19505626969.69697,0.005905604059612638,140000000.0,19505626969.69697,975281348.4848486,0.0,0.0,1.2153567989946872,1.2030729880578166
572,c:\dev\monitor-backend_for_badger\simulations\data_worst_day\data_unified_2020_03_ETHUSDT.csv,1584005548533100.5,19505626969.69697,0.005909204332494495,140000000.0,19505626969.69697,975281348.4848486,0.0,0.0,1.214616324325172,1.2030729880578166
573,c:\dev\monitor-backend_for_badger\simulations\data_worst_day\data_unified_2020_03_ETHUSDT.csv,1584005611041566.8,19505626969.69697,0.005900945838515427,140000000.0,19505626969.69697,975281348.4848486,0.0,0.0,1.2163162046284017,1.2030729880578166
574,c:\dev\monitor-backend_for_badger\simulations\data_worst_day\data_unified_2020_03_ETHUSDT.csv,1584005669193913.5,19505626969.69697,0.005901810990771637,140000000.0,19505626969.69697,975281348.4848486,0.0,0.0,1.2161379036441198,1.2030729880578166
575,c:\dev\monitor-backend_for_badger\simulations\data_worst_day\data_unified_2020_03_ETHUSDT.csv,1584005726649259.0,19505626969.69697,0.005898618714359548,140000000.0,19505626969.69697,975281348.4848486,0.0,0.0,1.2167960659244177,1.2030729880578166
576,c:\dev\monitor-backend_for_badger\simulations\data_worst_day\data_unified_2020_03_ETHUSDT.csv,1584005793776211.2,19505626969.69697,0.005903253226570779,140000000.0,19505626969.69697,975281348.4848486,0.0,0.0,1.215840786520051,1.2030729880578166
577,c:\dev\monitor-backend_for_badger\simulations\data_worst_day\data_unified_2020_03_ETHUSDT.csv,1584005854503552.0,19505626969.69697,0.005910177833669077,140000000.0,19505626969.69697,975281348.4848486,0.0,0.0,1.2144162575164101,1.2030729880578166
578,c:\dev\monitor-backend_for_badger\simulations\data_worst_day\data_unified_2020_03_ETHUSDT.csv,1584005908373483.8,19505626969.69697,0.005922357888087164,140000000.0,19505626969.69697,975281348.4848486,0.0,0.0,1.211918661730699,1.2030729880578166
579,c:\dev\monitor-backend_for_badger\simulations\data_worst_day\data_unified_2020_03_ETHUSDT.csv,1584005969346561.2,19505626969.69697,0.005931296564936133,140000000.0,19505626969.69697,975281348.4848486,0.0,0.0,1.2100922568012125,1.2030729880578166
580,c:\dev\monitor-backend_for_badger\simulations\data_worst_day\data_unified_2020_03_ETHUSDT.csv,1584006032347072.0,19505626969.69697,0.005924165430763577,140000000.0,19505626969.69697,975281348.4848486,0.0,0.0,1.2115488890214423,1.2030729880578166
581,c:\dev\monitor-backend_for_badger\simulations\data_worst_day\data_unified_2020_03_ETHUSDT.csv,1584006098939862.2,19505626969.69697,0.005938150350607362,140000000.0,19505626969.69697,975281348.4848486,0.0,0.0,1.2086955739149867,1.2030729880578166
582,c:\dev\monitor-backend_for_badger\simulations\data_worst_day\data_unified_2020_03_ETHUSDT.csv,1584006145384293.8,19505626969.69697,0.005945869448168901,140000000.0,19505626969.69697,975281348.4848486,0.0,0.0,1.2071264107945077,1.2030729880578166
583,c:\dev\monitor-backend_for_badger\simulations\data_worst_day\data_unified_2020_03_ETHUSDT.csv,1584006210946419.8,19505626969.69697,0.005936083948526776,140000000.0,19505626969.69697,975281348.4848486,0.0,0.0,1.2091163312813566,1.2030729880578166
584,c:\dev\monitor-backend_for_badger\simulations\data_worst_day\data_unified_2020_03_ETHUSDT.csv,1584006264510414.8,19505626969.69697,0.005934114969973133,140000000.0,19505626969.69697,975281348.4848486,0.0,0.0,1.2095175240686888,1.2030729880578166
585,c:\dev\monitor-backend_for_badger\simulations\data_worst_day\data_unified_2020_03_ETHUSDT.csv,1584006329941117.5,19505626969.69697,0.005920953266139801,140000000.0,19505626969.69697,975281348.4848486,0.0,0.0,1.2122061640084862,1.2030729880578166
586,c:\dev\monitor-backend_for_badger\simulations\data_worst_day\data_unified_2020_03_ETHUSDT.csv,1584006386008143.2,19505626969.69697,0.005912407357816802,140000000.0,19505626969.69697,975281348.4848486,0.0,0.0,1.2139583103203424,1.2030729880578166
587,c:\dev\monitor-backend_for_badger\simulations\data_worst_day\data_unified_2020_03_ETHUSDT.csv,1584006447855105.0,19505626969.69697,0.005913681990034099,140000000.0,19505626969.69697,975281348.4848486,0.0,0.0,1.2136966543206797,1.2030729880578166
588,c:\dev\monitor-backend_for_badger\simulations\data_worst_day\data_unified_2020_03_ETHUSDT.csv,1584006511734594.8,19505626969.69697,0.005915124656357063,140000000.0,19505626969.69697,975281348.4848486,0.0,0.0,1.213400640391776,1.2030729880578166
589,c:\dev\monitor-backend_for_badger\simulations\data_worst_day\data_unified_2020_03_ETHUSDT.csv,1584006571555602.5,19505626969.69697,0.005914850344133926,140000000.0,19505626969.69697,975281348.4848486,0.0,0.0,1.2134569141109501,1.2030729880578166
590,c:\dev\monitor-backend_for_badger\simulations\data_worst_day\data_unified_2020_03_ETHUSDT.csv,1584006627509629.2,19505626969.69697,0.005924108001416208,140000000.0,19505626969.69697,975281348.4848486,0.0,0.0,1.211560633989965,1.2030729880578166
591,c:\dev\monitor-backend_for_badger\simulations\data_worst_day\data_unified_2020_03_ETHUSDT.csv,1584006695120370.8,19505626969.69697,0.005918737633387042,140000000.0,19505626969.69697,975281348.4848486,0.0,0.0,1.2126599438254733,1.2030729880578166
592,c:\dev\monitor-backend_for_badger\simulations\data_worst_day\data_unified_2020_03_ETHUSDT.csv,1584006748940882.5,19505626969.69697,0.005917119288147651,140000000.0,19505626969.69697,975281348.4848486,0.0,0.0,1.212991609007722,1.2030729880578166
593,c:\dev\monitor-backend_for_badger\simulations\data_worst_day\data_unified_2020_03_ETHUSDT.csv,1584006810445776.5,19505626969.69697,0.005911472992076865,140000000.0,19505626969.69697,975281348.4848486,0.0,0.0,1.2141501882256285,1.2030729880578166
594,c:\dev\monitor-backend_for_badger\simulations\data_worst_day\data_unified_2020_03_ETHUSDT.csv,1584006871060200.8,19505626969.69697,0.005917048086727588,140000000.0,19505626969.69697,975281348.4848486,0.0,0.0,1.2130062052597415,1.2030729880578166
595,c:\dev\monitor-backend_for_badger\simulations\data_worst_day\data_unified_2020_03_ETHUSDT.csv,1584006932271918.5,19505626969.69697,0.005920498802024058,140000000.0,19505626969.69697,975281348.4848486,0.0,0.0,1.212299214310639,1.2030729880578166
596,c:\dev\monitor-backend_for_badger\simulations\data_worst_day\data_unified_2020_03_ETHUSDT.csv,1584006992968592.0,19505626969.69697,0.005927316097822572,140000000.0,19505626969.69697,975281348.4848486,0.0,0.0,1.2109048897624175,1.2030729880578166
597,c:\dev\monitor-backend_for_badger\simulations\data_worst_day\data_unified_2020_03_ETHUSDT.csv,1584007052107082.0,19505626969.69697,0.005932273891817552,140000000.0,19505626969.69697,975281348.4848486,0.0,0.0,1.2098928972110898,1.2030729880578166
598,c:\dev\monitor-backend_for_badger\simulations\data_worst_day\data_unified_2020_03_ETHUSDT.csv,1584007109393255.8,19505626969.69697,0.0059405460309624614,140000000.0,19505626969.69697,975281348.4848486,0.0,0.0,1.2082081358534633,1.2030729880578166
599,c:\dev\monitor-backend_for_badger\simulations\data_worst_day\data_unified_2020_03_ETHUSDT.csv,1584007178082895.5,19505626969.69697,0.005951285979989891,140000000.0,19505626969.69697,975281348.4848486,0.0,0.0,1.2060277510026558,1.2030729880578166
600,c:\dev\monitor-backend_for_badger\simulations\data_worst_day\data_unified_2020_03_ETHUSDT.csv,1584007227053877.0,19505626969.69697,0.005956016828751099,140000000.0,19505626969.69697,975281348.4848486,0.0,0.0,1.2050698062795533,1.2030729880578166
601,c:\dev\monitor-backend_for_badger\simulations\data_worst_day\data_unified_2020_03_ETHUSDT.csv,1584007287344733.0,19505626969.69697,0.00594961077737127,140000000.0,19505626969.69697,975281348.4848486,0.0,0.0,1.2063673262996304,1.2030729880578166
602,c:\dev\monitor-backend_for_badger\simulations\data_worst_day\data_unified_2020_03_ETHUSDT.csv,1584007356166086.8,19505626969.69697,0.005965142818741844,140000000.0,19505626969.69697,975281348.4848486,0.0,0.0,1.2032261865499962,1.2030729880578166
603,c:\dev\monitor-backend_for_badger\simulations\data_worst_day\data_unified_2020_03_ETHUSDT.csv,1584007406962557.0,19505626969.69697,0.005958741821830621,140000000.0,19505626969.69697,975281348.4848486,0.0,0.0,1.2045187156331314,1.2030729880578166
604,c:\dev\monitor-backend_for_badger\simulations\data_worst_day\data_unified_2020_03_ETHUSDT.csv,1584007468533577.5,19505626969.69697,0.005955719303608121,140000000.0,19505626969.69697,975281348.4848486,0.0,0.0,1.2051300069955597,1.2030729880578166
605,c:\dev\monitor-backend_for_badger\simulations\data_worst_day\data_unified_2020_03_ETHUSDT.csv,1584007526485385.2,19505626969.69697,0.005957647807843174,140000000.0,19505626969.69697,975281348.4848486,0.0,0.0,1.204739903653227,1.2030729880578166
606,c:\dev\monitor-backend_for_badger\simulations\data_worst_day\data_unified_2020_03_ETHUSDT.csv,1584007594281384.2,19505626969.69697,0.005946095585057082,140000000.0,19505626969.69697,975281348.4848486,0.0,0.0,1.2070805023817899,1.2030729880578166
607,c:\dev\monitor-backend_for_badger\simulations\data_worst_day\data_unified_2020_03_ETHUSDT.csv,1584007640658190.2,19505626969.69697,0.0059267308407584506,140000000.0,19505626969.69697,975281348.4848486,0.0,0.0,1.2110244650661988,1.2030729880578166
608,c:\dev\monitor-backend_for_badger\simulations\data_worst_day\data_unified_2020_03_ETHUSDT.csv,1584007711215757.8,19505626969.69697,0.005940687372229233,140000000.0,19505626969.69697,975281348.4848486,0.0,0.0,1.2081793900774704,1.2030729880578166
609,c:\dev\monitor-backend_for_badger\simulations\data_worst_day\data_unified_2020_03_ETHUSDT.csv,1584007770706439.2,19505626969.69697,0.00594217616648505,140000000.0,19505626969.69697,975281348.4848486,0.0,0.0,1.207876684387577,1.2030729880578166
610,c:\dev\monitor-backend_for_badger\simulations\data_worst_day\data_unified_2020_03_ETHUSDT.csv,1584007824140549.2,19505626969.69697,0.005940163015682437,140000000.0,19505626969.69697,975281348.4848486,0.0,0.0,1.2082860398059743,1.2030729880578166
611,c:\dev\monitor-backend_for_badger\simulations\data_worst_day\data_unified_2020_03_ETHUSDT.csv,1584007888605364.8,19505626969.69697,0.005951619971259067,140000000.0,19505626969.69697,975281348.4848486,0.0,0.0,1.2059600714899914,1.2030729880578166
612,c:\dev\monitor-backend_for_badger\simulations\data_worst_day\data_unified_2020_03_ETHUSDT.csv,1584007949972737.0,19505626969.69697,0.0059686588574976015,140000000.0,19505626969.69697,975281348.4848486,0.0,0.0,1.2025173857951101,1.2025173857951101
613,c:\dev\monitor-backend_for_badger\simulations\data_worst_day\data_unified_2020_03_ETHUSDT.csv,1584008008788704.8,19505626969.69697,0.005977401648533742,140000000.0,19505626969.69697,975281348.4848486,0.0,0.0,1.2007585349031158,1.2007585349031158
614,c:\dev\monitor-backend_for_badger\simulations\data_worst_day\data_unified_2020_03_ETHUSDT.csv,1584008069135198.2,19505626969.69697,0.005988807658164621,136787575.17523086,17555064272.727276,975281348.4848486,1950562696.9696972,1337034713.9520965,1.1984716250213476,1.1984716250213476
615,c:\dev\monitor-backend_for_badger\simulations\data_worst_day\data_unified_2020_03_ETHUSDT.csv,1584008132718917.2,19505626969.69697,0.006032355056121664,136787575.17523086,17555064272.727276,0.0,1950562696.9696972,1118493790.3370988,1.2916871271996961,1.1984716250213476
616,c:\dev\monitor-backend_for_badger\simulations\data_worst_day\data_unified_2020_03_ETHUSDT.csv,1584008187019686.5,19505626969.69697,0.006032839516327697,136787575.17523086,17555064272.727276,0.0,1950562696.9696972,1119564932.639058,1.291583399757572,1.1984716250213476
617,c:\dev\monitor-backend_for_badger\simulations\data_worst_day\data_unified_2020_03_ETHUSDT.csv,1584008248891384.2,19505626969.69697,0.0060331455896211585,136787575.17523086,17555064272.727276,0.0,1950562696.9696972,1120241572.5148375,1.2915178752017542,1.1984716250213476
618,c:\dev\monitor-backend_for_badger\simulations\data_worst_day\data_unified_2020_03_ETHUSDT.csv,1584008309029232.0,19505626969.69697,0.006038045349089553,136787575.17523086,17555064272.727276,0.0,1950562696.9696972,1131064190.1290612,1.2904698329013473,1.1984716250213476
619,c:\dev\monitor-backend_for_badger\simulations\data_worst_day\data_unified_2020_03_ETHUSDT.csv,1584008371246177.5,19505626969.69697,0.006103539190911426,136787575.17523086,17555064272.727276,0.0,1950562696.9696972,1274058938.5791454,1.2766224855724742,1.1984716250213476
620,c:\dev\monitor-backend_for_badger\simulations\data_worst_day\data_unified_2020_03_ETHUSDT.csv,1584008430605616.0,19505626969.69697,0.006151679495896479,133487785.12441838,15604501575.757578,975281348.4848486,3901125393.9393945,401942292.2853445,1.2666322063573054,1.1984716250213476
621,c:\dev\monitor-backend_for_badger\simulations\data_worst_day\data_unified_2020_03_ETHUSDT.csv,1584008489918453.5,19505626969.69697,0.006139808997100982,133487785.12441838,15604501575.757578,0.0,3901125393.9393945,61731917.83842993,1.3932747444821714,1.1984716250213476
622,c:\dev\monitor-backend_for_badger\simulations\data_worst_day\data_unified_2020_03_ETHUSDT.csv,1584008549257138.5,19505626969.69697,0.006108002264222226,133487785.12441838,15604501575.757578,0.0,3901125393.9393945,0.0,1.4005300655687465,1.1984716250213476
623,c:\dev\monitor-backend_for_badger\simulations\data_worst_day\data_unified_2020_03_ETHUSDT.csv,1584008610505708.5,19505626969.69697,0.00612177296463877,133487785.12441838,15604501575.757578,0.0,3901125393.9393945,0.0,1.3973796253174153,1.1984716250213476
624,c:\dev\monitor-backend_for_badger\simulations\data_worst_day\data_unified_2020_03_ETHUSDT.csv,1584008668580962.2,19505626969.69697,0.006155310288946681,133487785.12441838,15604501575.757578,0.0,3901125393.9393945,0.0,1.38976597604945,1.1984716250213476
625,c:\dev\monitor-backend_for_badger\simulations\data_worst_day\data_unified_2020_03_ETHUSDT.csv,1584008733476357.5,19505626969.69697,0.006172169380497007,133487785.12441838,15604501575.757578,0.0,3901125393.9393945,0.0,1.385969872867677,1.1984716250213476
626,c:\dev\monitor-backend_for_badger\simulations\data_worst_day\data_unified_2020_03_ETHUSDT.csv,1584008787149523.0,19505626969.69697,0.0061175155812358785,133487785.12441838,15604501575.757578,0.0,3901125393.9393945,0.0,1.3983521084677013,1.1984716250213476
627,c:\dev\monitor-backend_for_badger\simulations\data_worst_day\data_unified_2020_03_ETHUSDT.csv,1584008848724302.2,19505626969.69697,0.006111398023204077,133487785.12441838,15604501575.757578,0.0,3901125393.9393945,0.0,1.3997518700508877,1.1984716250213476
628,c:\dev\monitor-backend_for_badger\simulations\data_worst_day\data_unified_2020_03_ETHUSDT.csv,1584008912148728.0,19505626969.69697,0.006122384612732975,133487785.12441838,15604501575.757578,0.0,3901125393.9393945,0.0,1.3972400221008958,1.1984716250213476
629,c:\dev\monitor-backend_for_badger\simulations\data_worst_day\data_unified_2020_03_ETHUSDT.csv,1584008968815353.8,19505626969.69697,0.006116112349470491,133487785.12441838,15604501575.757578,0.0,3901125393.9393945,0.0,1.3986729351604892,1.1984716250213476
630,c:\dev\monitor-backend_for_badger\simulations\data_worst_day\data_unified_2020_03_ETHUSDT.csv,1584009031673859.0,19505626969.69697,0.006168640588248698,133487785.12441838,15604501575.757578,0.0,3901125393.9393945,0.0,1.3867627217415575,1.1984716250213476
631,c:\dev\monitor-backend_for_badger\simulations\data_worst_day\data_unified_2020_03_ETHUSDT.csv,1584009065612127.5,19505626969.69697,0.006165221440683965,133487785.12441838,15604501575.757578,0.0,3901125393.9393945,0.0,1.3875318013972557,1.1984716250213476
632,c:\dev\monitor-backend_for_badger\simulations\data_worst_day\data_unified_2020_03_ETHUSDT.csv,1584009176722522.8,19505626969.69697,0.00622309219793958,133487785.12441838,15604501575.757578,0.0,3901125393.9393945,0.0,1.3746286475455913,1.1984716250213476
633,c:\dev\monitor-backend_for_badger\simulations\data_worst_day\data_unified_2020_03_ETHUSDT.csv,1584009228040883.8,19505626969.69697,0.006187068555996183,133487785.12441838,15604501575.757578,0.0,3901125393.9393945,0.0,1.3826322973768717,1.1984716250213476
634,c:\dev\monitor-backend_for_badger\simulations\data_worst_day\data_unified_2020_03_ETHUSDT.csv,1584009278275976.2,19505626969.69697,0.006176627497831422,133487785.12441838,15604501575.757578,0.0,3901125393.9393945,0.0,1.3849695184967235,1.1984716250213476
635,c:\dev\monitor-backend_for_badger\simulations\data_worst_day\data_unified_2020_03_ETHUSDT.csv,1584009333600712.5,19505626969.69697,0.006184389412736862,133487785.12441838,15604501575.757578,0.0,3901125393.9393945,0.0,1.3832312683912142,1.1984716250213476
636,c:\dev\monitor-backend_for_badger\simulations\data_worst_day\data_unified_2020_03_ETHUSDT.csv,1584009372244604.0,19505626969.69697,0.006225062710820234,133487785.12441838,15604501575.757578,0.0,3901125393.9393945,0.0,1.3741935156309528,1.1984716250213476
637,c:\dev\monitor-backend_for_badger\simulations\data_worst_day\data_unified_2020_03_ETHUSDT.csv,1584009452219017.0,19505626969.69697,0.0063572669166188965,133487785.12441838,15604501575.757578,0.0,3901125393.9393945,0.0,1.3456161151960682,1.1984716250213476
638,c:\dev\monitor-backend_for_badger\simulations\data_worst_day\data_unified_2020_03_ETHUSDT.csv,1584009510002244.0,19505626969.69697,0.006530771603433728,133487785.12441838,15604501575.757578,0.0,3901125393.9393945,0.0,1.3098667862014162,1.1984716250213476
639,c:\dev\monitor-backend_for_badger\simulations\data_worst_day\data_unified_2020_03_ETHUSDT.csv,1584009583723952.8,19505626969.69697,0.006508448098457257,133487785.12441838,15604501575.757578,0.0,3901125393.9393945,0.0,1.3143595342848207,1.1984716250213476
640,c:\dev\monitor-backend_for_badger\simulations\data_worst_day\data_unified_2020_03_ETHUSDT.csv,1584009628613744.8,19505626969.69697,0.006555644329667447,133487785.12441838,15604501575.757578,0.0,3901125393.9393945,0.0,1.3048970294029287,1.1984716250213476
641,c:\dev\monitor-backend_for_badger\simulations\data_worst_day\data_unified_2020_03_ETHUSDT.csv,1584009665005356.0,19505626969.69697,0.006657400204929709,133487785.12441838,15604501575.757578,0.0,3901125393.9393945,0.0,1.284952165752446,1.1984716250213476
642,c:\dev\monitor-backend_for_badger\simulations\data_worst_day\data_unified_2020_03_ETHUSDT.csv,1584009760355772.0,19505626969.69697,0.006888325738047836,133487785.12441838,15604501575.757578,0.0,3901125393.9393945,0.0,1.2418751866443456,1.1984716250213476
643,c:\dev\monitor-backend_for_badger\simulations\data_worst_day\data_unified_2020_03_ETHUSDT.csv,1584009818458741.2,19505626969.69697,0.006881026261365201,133487785.12441838,15604501575.757578,0.0,3901125393.9393945,0.0,1.2431925830069421,1.1984716250213476
644,c:\dev\monitor-backend_for_badger\simulations\data_worst_day\data_unified_2020_03_ETHUSDT.csv,1584009870663098.2,19505626969.69697,0.006933967584458514,133487785.12441838,15604501575.757578,0.0,3901125393.9393945,0.0,1.233700721471319,1.1984716250213476
645,c:\dev\monitor-backend_for_badger\simulations\data_worst_day\data_unified_2020_03_ETHUSDT.csv,1584009944287963.0,19505626969.69697,0.007110225549299149,133487785.12441838,15604501575.757578,0.0,3901125393.9393945,0.0,1.203118065987149,1.1984716250213476
646,c:\dev\monitor-backend_for_badger\simulations\data_worst_day\data_unified_2020_03_ETHUSDT.csv,1584009994766457.0,19505626969.69697,0.007438515202356041,133487785.12441838,15604501575.757578,0.0,3901125393.9393945,2294596605.819564,1.1500199406590863,1.1500199406590863
647,c:\dev\monitor-backend_for_badger\simulations\data_worst_day\data_unified_2020_03_ETHUSDT.csv,1584010036293691.0,19505626969.69697,0.007748891397807712,133487785.12441838,15604501575.757578,0.0,3901125393.9393945,2717416274.855388,1.1039567303815094,1.1039567303815094
648,c:\dev\monitor-backend_for_badger\simulations\data_worst_day\data_unified_2020_03_ETHUSDT.csv,1584010096745719.0,19505626969.69697,0.007988019664076945,133487785.12441838,15604501575.757578,0.0,3901125393.9393945,3020766849.093886,1.0709088323950333,1.0709088323950333
649,c:\dev\monitor-backend_for_badger\simulations\data_worst_day\data_unified_2020_03_ETHUSDT.csv,1584010170835728.0,19505626969.69697,0.00713122334580819,133487785.12441838,15604501575.757578,0.0,3901125393.9393945,1839720249.412416,1.1995755001326103,1.0709088323950333
650,c:\dev\monitor-backend_for_badger\simulations\data_worst_day\data_unified_2020_03_ETHUSDT.csv,1584010225304955.5,19505626969.69697,0.00711445785941447,133487785.12441838,15604501575.757578,0.0,3901125393.9393945,1813772307.7111957,1.202402344724725,1.0709088323950333
651,c:\dev\monitor-backend_for_badger\simulations\data_worst_day\data_unified_2020_03_ETHUSDT.csv,1584010347814810.8,19505626969.69697,0.007381313426522024,129528413.60270414,13653938878.78788,975281348.4848486,5851688090.909092,1237509811.5198689,1.158932064972066,1.0709088323950333
652,c:\dev\monitor-backend_for_badger\simulations\data_worst_day\data_unified_2020_03_ETHUSDT.csv,1584010402686126.5,19505626969.69697,0.007272442611418957,129528413.60270414,13653938878.78788,0.0,5851688090.909092,767447309.7313594,1.3044480542848944,1.0709088323950333
653,c:\dev\monitor-backend_for_badger\simulations\data_worst_day\data_unified_2020_03_ETHUSDT.csv,1584010470282961.5,19505626969.69697,0.007049517933751772,129528413.60270414,13653938878.78788,0.0,5851688090.909092,436137305.51811934,1.3456982028436748,1.0709088323950333
654,c:\dev\monitor-backend_for_badger\simulations\data_worst_day\data_unified_2020_03_ETHUSDT.csv,1584010539991837.8,19505626969.69697,0.006855728036453422,129528413.60270414,13653938878.78788,0.0,5851688090.909092,130621096.11627974,1.383736864111597,1.0709088323950333
655,c:\dev\monitor-backend_for_badger\simulations\data_worst_day\data_unified_2020_03_ETHUSDT.csv,1584010606325507.0,19505626969.69697,0.006819439937581297,129528413.60270414,13653938878.78788,0.0,5851688090.909092,71481541.20478049,1.3911001051691456,1.0709088323950333
656,c:\dev\monitor-backend_for_badger\simulations\data_worst_day\data_unified_2020_03_ETHUSDT.csv,1584010635842380.0,19505626969.69697,0.006963750239607651,129528413.60270414,13653938878.78788,0.0,5851688090.909092,303019161.67653114,1.3622722366473758,1.0709088323950333
657,c:\dev\monitor-backend_for_badger\simulations\data_worst_day\data_unified_2020_03_ETHUSDT.csv,1584010704392565.0,19505626969.69697,0.007345756683871116,129528413.60270414,13653938878.78788,0.0,5851688090.909092,872012378.5876946,1.2914290552521734,1.0709088323950333
658,c:\dev\monitor-backend_for_badger\simulations\data_worst_day\data_unified_2020_03_ETHUSDT.csv,1584010793081225.5,19505626969.69697,0.007600843043611743,129528413.60270414,13653938878.78788,0.0,5851688090.909092,1220113207.8349264,1.2480883449286753,1.0709088323950333
659,c:\dev\monitor-backend_for_badger\simulations\data_worst_day\data_unified_2020_03_ETHUSDT.csv,1584010825140176.8,19505626969.69697,0.0077245094534875965,129528413.60270414,13653938878.78788,0.0,5851688090.909092,1380598488.000368,1.228106933066264,1.0709088323950333
660,c:\dev\monitor-backend_for_badger\simulations\data_worst_day\data_unified_2020_03_ETHUSDT.csv,1584010888206804.8,19505626969.69697,0.008171390596453706,129528413.60270414,13653938878.78788,0.0,5851688090.909092,1920036162.9443865,1.1609435997932913,1.0709088323950333
661,c:\dev\monitor-backend_for_badger\simulations\data_worst_day\data_unified_2020_03_ETHUSDT.csv,1584010972891648.0,19505626969.69697,0.007721172635177047,129528413.60270414,13653938878.78788,0.0,5851688090.909092,1376335692.3561046,1.2286376775393117,1.0709088323950333
662,c:\dev\monitor-backend_for_badger\simulations\data_worst_day\data_unified_2020_03_ETHUSDT.csv,1584011010661452.5,19505626969.69697,0.00765122930550342,129528413.60270414,13653938878.78788,0.0,5851688090.909092,1286127091.3428988,1.239869207362599,1.0709088323950333
663,c:\dev\monitor-backend_for_badger\simulations\data_worst_day\data_unified_2020_03_ETHUSDT.csv,1584011067626189.2,19505626969.69697,0.007402032817481457,129528413.60270414,13653938878.78788,0.0,5851688090.909092,950871663.0304103,1.2816105856704112,1.0709088323950333
664,c:\dev\monitor-backend_for_badger\simulations\data_worst_day\data_unified_2020_03_ETHUSDT.csv,1584011131502056.5,19505626969.69697,0.007196838725088474,129528413.60270414,13653938878.78788,0.0,5851688090.909092,657385114.1262021,1.3181514796619807,1.0709088323950333
665,c:\dev\monitor-backend_for_badger\simulations\data_worst_day\data_unified_2020_03_ETHUSDT.csv,1584011190548407.2,19505626969.69697,0.0071215743636686485,129528413.60270414,13653938878.78788,0.0,5851688090.909092,545496029.160572,1.3320823640851616,1.0709088323950333
666,c:\dev\monitor-backend_for_badger\simulations\data_worst_day\data_unified_2020_03_ETHUSDT.csv,1584011254005316.8,19505626969.69697,0.007272246132264254,129528413.60270414,13653938878.78788,0.0,5851688090.909092,767164246.3214681,1.3044832974334895,1.0709088323950333
667,c:\dev\monitor-backend_for_badger\simulations\data_worst_day\data_unified_2020_03_ETHUSDT.csv,1584011310802644.5,19505626969.69697,0.007108331774418617,129528413.60270414,13653938878.78788,0.0,5851688090.909092,525564283.79311526,1.334563989894789,1.0709088323950333
668,c:\dev\monitor-backend_for_badger\simulations\data_worst_day\data_unified_2020_03_ETHUSDT.csv,1584011372734517.5,19505626969.69697,0.007118837589011711,129528413.60270414,13653938878.78788,0.0,5851688090.909092,541382921.6052291,1.332594471463564,1.0709088323950333
669,c:\dev\monitor-backend_for_badger\simulations\data_worst_day\data_unified_2020_03_ETHUSDT.csv,1584011428689071.5,19505626969.69697,0.006865998265721926,129528413.60270414,13653938878.78788,0.0,5851688090.909092,147245228.6850835,1.3816670565917413,1.0709088323950333
670,c:\dev\monitor-backend_for_badger\simulations\data_worst_day\data_unified_2020_03_ETHUSDT.csv,1584011494321463.5,19505626969.69697,0.007142820535490874,129528413.60270414,13653938878.78788,0.0,5851688090.909092,577319757.7907051,1.32812011266808,1.0709088323950333
671,c:\dev\monitor-backend_for_badger\simulations\data_worst_day\data_unified_2020_03_ETHUSDT.csv,1584011546929412.5,19505626969.69697,0.0072639911247399285,129528413.60270414,13653938878.78788,0.0,5851688090.909092,755257592.5707726,1.305965749607611,1.0709088323950333
672,c:\dev\monitor-backend_for_badger\simulations\data_worst_day\data_unified_2020_03_ETHUSDT.csv,1584011609550126.5,19505626969.69697,0.0073413105905836525,129528413.60270414,13653938878.78788,0.0,5851688090.909092,865730572.0278494,1.2922111790954498,1.0709088323950333
673,c:\dev\monitor-backend_for_badger\simulations\data_worst_day\data_unified_2020_03_ETHUSDT.csv,1584011669506401.5,19505626969.69697,0.007128342135246217,129528413.60270414,13653938878.78788,0.0,5851688090.909092,555653773.2614688,1.3308176619999377,1.0709088323950333
674,c:\dev\monitor-backend_for_badger\simulations\data_worst_day\data_unified_2020_03_ETHUSDT.csv,1584011730459922.8,19505626969.69697,0.007181105038272421,129528413.60270414,13653938878.78788,0.0,5851688090.909092,634189088.6816922,1.3210395285690202,1.0709088323950333
675,c:\dev\monitor-backend_for_badger\simulations\data_worst_day\data_unified_2020_03_ETHUSDT.csv,1584011790863849.2,19505626969.69697,0.00720286300490311,129528413.60270414,13653938878.78788,0.0,5851688090.909092,666239823.988276,1.317049013414024,1.0709088323950333
676,c:\dev\monitor-backend_for_badger\simulations\data_worst_day\data_unified_2020_03_ETHUSDT.csv,1584011848100177.5,19505626969.69697,0.007170855951057072,129528413.60270414,13653938878.78788,0.0,5851688090.909092,619024206.6478648,1.322927650354709,1.0709088323950333
677,c:\dev\monitor-backend_for_badger\simulations\data_worst_day\data_unified_2020_03_ETHUSDT.csv,1584011910620222.8,19505626969.69697,0.00714199488680448,129528413.60270414,13653938878.78788,0.0,5851688090.909092,576086590.0761937,1.3282736496901273,1.0709088323950333
678,c:\dev\monitor-backend_for_badger\simulations\data_worst_day\data_unified_2020_03_ETHUSDT.csv,1584011967378988.2,19505626969.69697,0.0071144768448735875,129528413.60270414,13653938878.78788,0.0,5851688090.909092,534822606.8665345,1.3334112713009434,1.0709088323950333
679,c:\dev\monitor-backend_for_badger\simulations\data_worst_day\data_unified_2020_03_ETHUSDT.csv,1584012030141350.5,19505626969.69697,0.007040355502446228,129528413.60270414,13653938878.78788,0.0,5851688090.909092,422071233.1438095,1.3474495160177418,1.0709088323950333
680,c:\dev\monitor-backend_for_badger\simulations\data_worst_day\data_unified_2020_03_ETHUSDT.csv,1584012092937810.0,19505626969.69697,0.007125944222358853,129528413.60270414,13653938878.78788,0.0,5851688090.909092,552056954.3568727,1.3312654882420276,1.0709088323950333
681,c:\dev\monitor-backend_for_badger\simulations\data_worst_day\data_unified_2020_03_ETHUSDT.csv,1584012152502167.2,19505626969.69697,0.007186831971081469,129528413.60270414,13653938878.78788,0.0,5851688090.909092,642644007.5126454,1.3199868387818297,1.0709088323950333
682,c:\dev\monitor-backend_for_badger\simulations\data_worst_day\data_unified_2020_03_ETHUSDT.csv,1584012212404597.2,19505626969.69697,0.007132337135084107,125122020.77490383,12530657243.114218,975281348.4848486,6974969726.582754,0.0,1.3300722378502858,1.0709088323950333
683,c:\dev\monitor-backend_for_badger\simulations\data_worst_day\data_unified_2020_03_ETHUSDT.csv,1584012271972220.8,19505626969.69697,0.007093535677678653,125122020.77490383,12530657243.114218,0.0,6974969726.582754,0.0,1.407657963931664,1.0709088323950333
684,c:\dev\monitor-backend_for_badger\simulations\data_worst_day\data_unified_2020_03_ETHUSDT.csv,1584012330121386.0,19505626969.69697,0.00709635300216375,125122020.77490383,12530657243.114218,0.0,6974969726.582754,0.0,1.4070991093697196,1.0709088323950333
685,c:\dev\monitor-backend_for_badger\simulations\data_worst_day\data_unified_2020_03_ETHUSDT.csv,1584012388011738.2,19505626969.69697,0.0071202948903213055,125122020.77490383,12530657243.114218,0.0,6974969726.582754,0.0,1.4023677590503785,1.0709088323950333
686,c:\dev\monitor-backend_for_badger\simulations\data_worst_day\data_unified_2020_03_ETHUSDT.csv,1584012448699469.2,19505626969.69697,0.007250722345587985,125122020.77490383,12530657243.114218,0.0,6974969726.582754,0.0,1.3771416850893097,1.0709088323950333
687,c:\dev\monitor-backend_for_badger\simulations\data_worst_day\data_unified_2020_03_ETHUSDT.csv,1584012508661688.0,19505626969.69697,0.007310293063565132,125122020.77490383,12530657243.114218,0.0,6974969726.582754,0.0,1.3659195195449614,1.0709088323950333
688,c:\dev\monitor-backend_for_badger\simulations\data_worst_day\data_unified_2020_03_ETHUSDT.csv,1584012571362663.2,19505626969.69697,0.007165832118681915,125122020.77490383,12530657243.114218,0.0,6974969726.582754,0.0,1.393456031866184,1.0709088323950333
689,c:\dev\monitor-backend_for_badger\simulations\data_worst_day\data_unified_2020_03_ETHUSDT.csv,1584012630361024.5,19505626969.69697,0.00721799107153692,125122020.77490383,12530657243.114218,0.0,6974969726.582754,0.0,1.3833865808580994,1.0709088323950333
690,c:\dev\monitor-backend_for_badger\simulations\data_worst_day\data_unified_2020_03_ETHUSDT.csv,1584012688721993.5,19505626969.69697,0.00722172339471658,125122020.77490383,12530657243.114218,0.0,6974969726.582754,0.0,1.3826716205196925,1.0709088323950333
691,c:\dev\monitor-backend_for_badger\simulations\data_worst_day\data_unified_2020_03_ETHUSDT.csv,1584012748689873.5,19505626969.69697,0.007216874408159989,125122020.77490383,12530657243.114218,0.0,6974969726.582754,0.0,1.3836006315736329,1.0709088323950333
692,c:\dev\monitor-backend_for_badger\simulations\data_worst_day\data_unified_2020_03_ETHUSDT.csv,1584012810759985.8,19505626969.69697,0.007235771068875317,125122020.77490383,12530657243.114218,0.0,6974969726.582754,0.0,1.3799872735152463,1.0709088323950333
693,c:\dev\monitor-backend_for_badger\simulations\data_worst_day\data_unified_2020_03_ETHUSDT.csv,1584012868153918.0,19505626969.69697,0.007266442978845183,125122020.77490383,12530657243.114218,0.0,6974969726.582754,0.0,1.3741622989663445,1.0709088323950333
694,c:\dev\monitor-backend_for_badger\simulations\data_worst_day\data_unified_2020_03_ETHUSDT.csv,1584012928617583.2,19505626969.69697,0.007233516615693762,125122020.77490383,12530657243.114218,0.0,6974969726.582754,0.0,1.3804173709166307,1.0709088323950333
695,c:\dev\monitor-backend_for_badger\simulations\data_worst_day\data_unified_2020_03_ETHUSDT.csv,1584012988880218.5,19505626969.69697,0.007291655486702421,125122020.77490383,12530657243.114218,0.0,6974969726.582754,0.0,1.3694108295883698,1.0709088323950333
696,c:\dev\monitor-backend_for_badger\simulations\data_worst_day\data_unified_2020_03_ETHUSDT.csv,1584013049495799.0,19505626969.69697,0.007473409391840057,125122020.77490383,12530657243.114218,0.0,6974969726.582754,0.0,1.336106650335562,1.0709088323950333
697,c:\dev\monitor-backend_for_badger\simulations\data_worst_day\data_unified_2020_03_ETHUSDT.csv,1584013109737339.2,19505626969.69697,0.007388210593710404,125122020.77490383,12530657243.114218,0.0,6974969726.582754,0.0,1.3515142621432892,1.0709088323950333
698,c:\dev\monitor-backend_for_badger\simulations\data_worst_day\data_unified_2020_03_ETHUSDT.csv,1584013166067651.0,19505626969.69697,0.007405910821800939,125122020.77490383,12530657243.114218,0.0,6974969726.582754,0.0,1.3482841245838242,1.0709088323950333
699,c:\dev\monitor-backend_for_badger\simulations\data_worst_day\data_unified_2020_03_ETHUSDT.csv,1584013229909974.2,19505626969.69697,0.007442069928971066,125122020.77490383,12530657243.114218,0.0,6974969726.582754,0.0,1.3417331581696526,1.0709088323950333
700,c:\dev\monitor-backend_for_badger\simulations\data_worst_day\data_unified_2020_03_ETHUSDT.csv,1584013287303063.0,19505626969.69697,0.007465295390460934,125122020.77490383,12530657243.114218,0.0,6974969726.582754,0.0,1.3375588596101384,1.0709088323950333
701,c:\dev\monitor-backend_for_badger\simulations\data_worst_day\data_unified_2020_03_ETHUSDT.csv,1584013348921285.8,19505626969.69697,0.007547413784738784,125122020.77490383,12530657243.114218,0.0,6974969726.582754,0.0,1.3230057704413167,1.0709088323950333
702,c:\dev\monitor-backend_for_badger\simulations\data_worst_day\data_unified_2020_03_ETHUSDT.csv,1584013411218009.0,19505626969.69697,0.007487746416094863,125122020.77490383,12530657243.114218,0.0,6974969726.582754,0.0,1.3335483647862953,1.0709088323950333
703,c:\dev\monitor-backend_for_badger\simulations\data_worst_day\data_unified_2020_03_ETHUSDT.csv,1584013469120699.5,19505626969.69697,0.0076542714542960225,125122020.77490383,12530657243.114218,0.0,6974969726.582754,0.0,1.3045359115809034,1.0709088323950333
704,c:\dev\monitor-backend_for_badger\simulations\data_worst_day\data_unified_2020_03_ETHUSDT.csv,1584013526992915.2,19505626969.69697,0.0075733635305153015,125122020.77490383,12530657243.114218,0.0,6974969726.582754,0.0,1.3184725583136423,1.0709088323950333
705,c:\dev\monitor-backend_for_badger\simulations\data_worst_day\data_unified_2020_03_ETHUSDT.csv,1584013588457761.5,19505626969.69697,0.007512920824555812,125122020.77490383,12530657243.114218,0.0,6974969726.582754,0.0,1.3290798908037356,1.0709088323950333
706,c:\dev\monitor-backend_for_badger\simulations\data_worst_day\data_unified_2020_03_ETHUSDT.csv,1584013650653740.8,19505626969.69697,0.0075450975875999225,125122020.77490383,12530657243.114218,0.0,6974969726.582754,0.0,1.3234119072930426,1.0709088323950333
707,c:\dev\monitor-backend_for_badger\simulations\data_worst_day\data_unified_2020_03_ETHUSDT.csv,1584013707772258.8,19505626969.69697,0.007632084235112218,125122020.77490383,12530657243.114218,0.0,6974969726.582754,0.0,1.308328325725159,1.0709088323950333
708,c:\dev\monitor-backend_for_badger\simulations\data_worst_day\data_unified_2020_03_ETHUSDT.csv,1584013774335146.2,19505626969.69697,0.00759676462553969,125122020.77490383,12530657243.114218,0.0,6974969726.582754,0.0,1.3144111317531275,1.0709088323950333
709,c:\dev\monitor-backend_for_badger\simulations\data_worst_day\data_unified_2020_03_ETHUSDT.csv,1584013829487762.0,19505626969.69697,0.007559726786809811,125122020.77490383,12530657243.114218,0.0,6974969726.582754,0.0,1.3208509078052957,1.0709088323950333
710,c:\dev\monitor-backend_for_badger\simulations\data_worst_day\data_unified_2020_03_ETHUSDT.csv,1584013886221373.5,19505626969.69697,0.007495461842255243,125122020.77490383,12530657243.114218,0.0,6974969726.582754,0.0,1.332175681667318,1.0709088323950333
711,c:\dev\monitor-backend_for_badger\simulations\data_worst_day\data_unified_2020_03_ETHUSDT.csv,1584013950140123.2,19505626969.69697,0.007442576633611884,125122020.77490383,12530657243.114218,0.0,6974969726.582754,0.0,1.341641810448097,1.0709088323950333
712,c:\dev\monitor-backend_for_badger\simulations\data_worst_day\data_unified_2020_03_ETHUSDT.csv,1584014009102826.5,19505626969.69697,0.007404960027005337,125122020.77490383,12530657243.114218,0.0,6974969726.582754,0.0,1.3484572438881788,1.0709088323950333
713,c:\dev\monitor-backend_for_badger\simulations\data_worst_day\data_unified_2020_03_ETHUSDT.csv,1584014071352186.8,19505626969.69697,0.00747459199521822,125122020.77490383,12530657243.114218,975281348.4848486,6974969726.582754,0.0,1.3358952562903375,1.0709088323950333
714,c:\dev\monitor-backend_for_badger\simulations\data_worst_day\data_unified_2020_03_ETHUSDT.csv,1584014127299244.8,19505626969.69697,0.007501271746709196,125122020.77490383,12530657243.114218,975281348.4848486,6974969726.582754,0.0,1.3311438815022643,1.0709088323950333
715,c:\dev\monitor-backend_for_badger\simulations\data_worst_day\data_unified_2020_03_ETHUSDT.csv,1584014193384977.2,19505626969.69697,0.007489948881048167,125122020.77490383,12530657243.114218,975281348.4848486,6974969726.582754,0.0,1.3331562267912807,1.0709088323950333
716,c:\dev\monitor-backend_for_badger\simulations\data_worst_day\data_unified_2020_03_ETHUSDT.csv,1584014246577743.8,19505626969.69697,0.007434009249369581,125122020.77490383,12530657243.114218,975281348.4848486,6974969726.582754,0.0,1.3431879964320088,1.0709088323950333
717,c:\dev\monitor-backend_for_badger\simulations\data_worst_day\data_unified_2020_03_ETHUSDT.csv,1584014311450511.8,19505626969.69697,0.007381410029783013,125122020.77490383,12530657243.114218,975281348.4848486,6974969726.582754,0.0,1.3527594252085302,1.0709088323950333
718,c:\dev\monitor-backend_for_badger\simulations\data_worst_day\data_unified_2020_03_ETHUSDT.csv,1584014367633800.8,19505626969.69697,0.007397593632094685,125122020.77490383,12530657243.114218,975281348.4848486,6974969726.582754,0.0,1.3498000141284245,1.0709088323950333
719,c:\dev\monitor-backend_for_badger\simulations\data_worst_day\data_unified_2020_03_ETHUSDT.csv,1584014437585462.2,19505626969.69697,0.007322262816778964,125122020.77490383,12530657243.114218,975281348.4848486,6974969726.582754,0.0,1.363686641544264,1.0709088323950333
720,c:\dev\monitor-backend_for_badger\simulations\data_worst_day\data_unified_2020_03_ETHUSDT.csv,1584014487660290.8,19505626969.69697,0.007252543476078943,125122020.77490383,12530657243.114218,975281348.4848486,6974969726.582754,0.0,1.376795881617554,1.0709088323950333
721,c:\dev\monitor-backend_for_badger\simulations\data_worst_day\data_unified_2020_03_ETHUSDT.csv,1584014552873958.2,19505626969.69697,0.007183056068616129,125122020.77490383,12530657243.114218,975281348.4848486,6974969726.582754,0.0,1.3901147218862637,1.0709088323950333
722,c:\dev\monitor-backend_for_badger\simulations\data_worst_day\data_unified_2020_03_ETHUSDT.csv,1584014608678408.2,19505626969.69697,0.007219866080522719,125122020.77490383,12530657243.114218,975281348.4848486,6974969726.582754,0.0,1.3830273134920552,1.0709088323950333
723,c:\dev\monitor-backend_for_badger\simulations\data_worst_day\data_unified_2020_03_ETHUSDT.csv,1584014674949946.5,19505626969.69697,0.007346162665733022,125122020.77490383,12530657243.114218,975281348.4848486,6974969726.582754,0.0,1.3592500525063431,1.0709088323950333
724,c:\dev\monitor-backend_for_badger\simulations\data_worst_day\data_unified_2020_03_ETHUSDT.csv,1584014727743711.5,19505626969.69697,0.007374841358117639,125122020.77490383,12530657243.114218,975281348.4848486,6974969726.582754,0.0,1.3539643097714578,1.0709088323950333
725,c:\dev\monitor-backend_for_badger\simulations\data_worst_day\data_unified_2020_03_ETHUSDT.csv,1584014789712073.8,19505626969.69697,0.007413732984617011,125122020.77490383,12530657243.114218,975281348.4848486,6974969726.582754,0.0,1.3468615621626117,1.0709088323950333
726,c:\dev\monitor-backend_for_badger\simulations\data_worst_day\data_unified_2020_03_ETHUSDT.csv,1584014851370971.8,19505626969.69697,0.007353564690169793,125122020.77490383,12530657243.114218,975281348.4848486,6974969726.582754,0.0,1.3578818450412231,1.0709088323950333
727,c:\dev\monitor-backend_for_badger\simulations\data_worst_day\data_unified_2020_03_ETHUSDT.csv,1584014908558342.2,19505626969.69697,0.00731622326566564,125122020.77490383,12530657243.114218,975281348.4848486,6974969726.582754,0.0,1.364812366508511,1.0709088323950333
728,c:\dev\monitor-backend_for_badger\simulations\data_worst_day\data_unified_2020_03_ETHUSDT.csv,1584014969265464.0,19505626969.69697,0.007334837070951813,125122020.77490383,12530657243.114218,975281348.4848486,6974969726.582754,0.0,1.361348846951552,1.0709088323950333
729,c:\dev\monitor-backend_for_badger\simulations\data_worst_day\data_unified_2020_03_ETHUSDT.csv,1584015030220629.2,19505626969.69697,0.007311593566366201,125122020.77490383,12530657243.114218,975281348.4848486,6974969726.582754,0.0,1.3656765653729224,1.0709088323950333
730,c:\dev\monitor-backend_for_badger\simulations\data_worst_day\data_unified_2020_03_ETHUSDT.csv,1584015090121447.0,19505626969.69697,0.007279033404667409,125122020.77490383,12530657243.114218,975281348.4848486,6974969726.582754,0.0,1.3717854327629635,1.0709088323950333
731,c:\dev\monitor-backend_for_badger\simulations\data_worst_day\data_unified_2020_03_ETHUSDT.csv,1584015148351852.5,19505626969.69697,0.007238044541425668,125122020.77490383,12530657243.114218,975281348.4848486,6974969726.582754,0.0,1.3795538189864418,1.0709088323950333
732,c:\dev\monitor-backend_for_badger\simulations\data_worst_day\data_unified_2020_03_ETHUSDT.csv,1584015210113149.0,19505626969.69697,0.0072384376276845965,125122020.77490383,12530657243.114218,975281348.4848486,6974969726.582754,0.0,1.3794789017629208,1.0709088323950333
733,c:\dev\monitor-backend_for_badger\simulations\data_worst_day\data_unified_2020_03_ETHUSDT.csv,1584015269757332.5,19505626969.69697,0.007205283453123878,125122020.77490383,12530657243.114218,975281348.4848486,6974969726.582754,0.0,1.3858263944895322,1.0709088323950333
734,c:\dev\monitor-backend_for_badger\simulations\data_worst_day\data_unified_2020_03_ETHUSDT.csv,1584015330474171.5,19505626969.69697,0.007091505284145387,125122020.77490383,12530657243.114218,975281348.4848486,6974969726.582754,0.0,1.4080609953773866,1.0709088323950333
735,c:\dev\monitor-backend_for_badger\simulations\data_worst_day\data_unified_2020_03_ETHUSDT.csv,1584015392076272.5,19505626969.69697,0.007128885297300498,125122020.77490383,12530657243.114218,975281348.4848486,6974969726.582754,0.0,1.4006778861905496,1.0709088323950333
736,c:\dev\monitor-backend_for_badger\simulations\data_worst_day\data_unified_2020_03_ETHUSDT.csv,1584015451243456.0,19505626969.69697,0.0071325044448015806,125122020.77490383,12530657243.114218,975281348.4848486,6974969726.582754,0.0,1.3999671596973717,1.0709088323950333
737,c:\dev\monitor-backend_for_badger\simulations\data_worst_day\data_unified_2020_03_ETHUSDT.csv,1584015509834735.5,19505626969.69697,0.007156661236542635,125122020.77490383,12530657243.114218,975281348.4848486,6974969726.582754,0.0,1.3952416719310312,1.0709088323950333
738,c:\dev\monitor-backend_for_badger\simulations\data_worst_day\data_unified_2020_03_ETHUSDT.csv,1584015573267143.0,19505626969.69697,0.007053382514007911,125122020.77490383,12530657243.114218,975281348.4848486,6974969726.582754,0.0,1.4156714128699457,1.0709088323950333
739,c:\dev\monitor-backend_for_badger\simulations\data_worst_day\data_unified_2020_03_ETHUSDT.csv,1584015629489133.0,19505626969.69697,0.007074160426459025,125122020.77490383,12530657243.114218,975281348.4848486,6974969726.582754,0.0,1.4115133651437253,1.0709088323950333
740,c:\dev\monitor-backend_for_badger\simulations\data_worst_day\data_unified_2020_03_ETHUSDT.csv,1584015689354475.0,19505626969.69697,0.007114199906134116,125122020.77490383,12530657243.114218,975281348.4848486,6974969726.582754,0.0,1.403569216618174,1.0709088323950333
741,c:\dev\monitor-backend_for_badger\simulations\data_worst_day\data_unified_2020_03_ETHUSDT.csv,1584015748343955.5,19505626969.69697,0.007104128876647764,125122020.77490383,12530657243.114218,975281348.4848486,6974969726.582754,0.0,1.4055589590921826,1.0709088323950333
742,c:\dev\monitor-backend_for_badger\simulations\data_worst_day\data_unified_2020_03_ETHUSDT.csv,1584015813827644.5,19505626969.69697,0.007059075684061206,125122020.77490383,12530657243.114218,975281348.4848486,6974969726.582754,0.0,1.4145296687587083,1.0709088323950333
743,c:\dev\monitor-backend_for_badger\simulations\data_worst_day\data_unified_2020_03_ETHUSDT.csv,1584015872682171.2,19505626969.69697,0.007090090864201029,125122020.77490383,12530657243.114218,975281348.4848486,6974969726.582754,0.0,1.4083418929840434,1.0709088323950333
744,c:\dev\monitor-backend_for_badger\simulations\data_worst_day\data_unified_2020_03_ETHUSDT.csv,1584015930669618.5,19505626969.69697,0.0071351001900473165,125122020.77490383,12530657243.114218,975281348.4848486,6974969726.582754,0.0,1.3994578524694175,1.0709088323950333
745,c:\dev\monitor-backend_for_badger\simulations\data_worst_day\data_unified_2020_03_ETHUSDT.csv,1584015988310493.8,19505626969.69697,0.007160191385107304,125122020.77490383,12530657243.114218,975281348.4848486,6974969726.582754,0.0,1.394553783839691,1.0709088323950333
746,c:\dev\monitor-backend_for_badger\simulations\data_worst_day\data_unified_2020_03_ETHUSDT.csv,1584016053313200.0,19505626969.69697,0.0071619933291641605,125122020.77490383,12530657243.114218,975281348.4848486,6974969726.582754,0.0,1.3942029167294796,1.0709088323950333
747,c:\dev\monitor-backend_for_badger\simulations\data_worst_day\data_unified_2020_03_ETHUSDT.csv,1584016109570457.8,19505626969.69697,0.007127220171770921,125122020.77490383,12530657243.114218,975281348.4848486,6974969726.582754,0.0,1.4010051252053126,1.0709088323950333
748,c:\dev\monitor-backend_for_badger\simulations\data_worst_day\data_unified_2020_03_ETHUSDT.csv,1584016170594480.0,19505626969.69697,0.007142776801094106,125122020.77490383,12530657243.114218,975281348.4848486,6974969726.582754,0.0,1.3979538024467235,1.0709088323950333
749,c:\dev\monitor-backend_for_badger\simulations\data_worst_day\data_unified_2020_03_ETHUSDT.csv,1584016230130624.2,19505626969.69697,0.007175173117029398,125122020.77490383,12530657243.114218,975281348.4848486,6974969726.582754,0.0,1.3916419612815925,1.0709088323950333
750,c:\dev\monitor-backend_for_badger\simulations\data_worst_day\data_unified_2020_03_ETHUSDT.csv,1584016289641291.0,19505626969.69697,0.007188411229612679,125122020.77490383,12530657243.114218,975281348.4848486,6974969726.582754,0.0,1.389079126133379,1.0709088323950333
751,c:\dev\monitor-backend_for_badger\simulations\data_worst_day\data_unified_2020_03_ETHUSDT.csv,1584016352809710.8,19505626969.69697,0.0072060211923120725,125122020.77490383,12530657243.114218,975281348.4848486,6974969726.582754,0.0,1.3856845161336455,1.0709088323950333
752,c:\dev\monitor-backend_for_badger\simulations\data_worst_day\data_unified_2020_03_ETHUSDT.csv,1584016410493645.0,19505626969.69697,0.007192369856146433,125122020.77490383,12530657243.114218,975281348.4848486,6974969726.582754,0.0,1.3883145873796474,1.0709088323950333
753,c:\dev\monitor-backend_for_badger\simulations\data_worst_day\data_unified_2020_03_ETHUSDT.csv,1584016468433582.5,19505626969.69697,0.007140821785851776,125122020.77490383,12530657243.114218,975281348.4848486,6974969726.582754,0.0,1.398336534445059,1.0709088323950333
754,c:\dev\monitor-backend_for_badger\simulations\data_worst_day\data_unified_2020_03_ETHUSDT.csv,1584016538475965.8,19505626969.69697,0.0071227677238519934,125122020.77490383,12530657243.114218,975281348.4848486,6974969726.582754,0.0,1.401880894652804,1.0709088323950333
755,c:\dev\monitor-backend_for_badger\simulations\data_worst_day\data_unified_2020_03_ETHUSDT.csv,1584016588260855.2,19505626969.69697,0.007107748973193412,125122020.77490383,12530657243.114218,975281348.4848486,6974969726.582754,0.0,1.4048430841855557,1.0709088323950333
756,c:\dev\monitor-backend_for_badger\simulations\data_worst_day\data_unified_2020_03_ETHUSDT.csv,1584016652410781.5,19505626969.69697,0.007173600903238283,125122020.77490383,12530657243.114218,975281348.4848486,6974969726.582754,0.0,1.3919469627325143,1.0709088323950333
757,c:\dev\monitor-backend_for_badger\simulations\data_worst_day\data_unified_2020_03_ETHUSDT.csv,1584016710461036.5,19505626969.69697,0.0071683464583186494,125122020.77490383,12530657243.114218,975281348.4848486,6974969726.582754,0.0,1.3929672689759776,1.0709088323950333
758,c:\dev\monitor-backend_for_badger\simulations\data_worst_day\data_unified_2020_03_ETHUSDT.csv,1584016770338702.5,19505626969.69697,0.007194050379555108,125122020.77490383,12530657243.114218,975281348.4848486,6974969726.582754,0.0,1.3879902783965845,1.0709088323950333
759,c:\dev\monitor-backend_for_badger\simulations\data_worst_day\data_unified_2020_03_ETHUSDT.csv,1584016830062116.0,19505626969.69697,0.007184942029317842,125122020.77490383,12530657243.114218,975281348.4848486,6974969726.582754,0.0,1.3897498335231213,1.0709088323950333
760,c:\dev\monitor-backend_for_badger\simulations\data_worst_day\data_unified_2020_03_ETHUSDT.csv,1584016891280617.5,19505626969.69697,0.007178691176770815,125122020.77490383,12530657243.114218,975281348.4848486,6974969726.582754,0.0,1.3909599595854765,1.0709088323950333
761,c:\dev\monitor-backend_for_badger\simulations\data_worst_day\data_unified_2020_03_ETHUSDT.csv,1584016950555699.5,19505626969.69697,0.00720811307389183,125122020.77490383,12530657243.114218,975281348.4848486,6974969726.582754,0.0,1.3852823737303648,1.0709088323950333
762,c:\dev\monitor-backend_for_badger\simulations\data_worst_day\data_unified_2020_03_ETHUSDT.csv,1584017008741694.2,19505626969.69697,0.0072175803708368355,125122020.77490383,12530657243.114218,975281348.4848486,6974969726.582754,0.0,1.383465299460187,1.0709088323950333
763,c:\dev\monitor-backend_for_badger\simulations\data_worst_day\data_unified_2020_03_ETHUSDT.csv,1584017071507804.5,19505626969.69697,0.007240210226603305,125122020.77490383,12530657243.114218,975281348.4848486,6974969726.582754,0.0,1.3791411680876384,1.0709088323950333
764,c:\dev\monitor-backend_for_badger\simulations\data_worst_day\data_unified_2020_03_ETHUSDT.csv,1584017129344801.8,19505626969.69697,0.007243621664044953,125122020.77490383,12530657243.114218,975281348.4848486,6974969726.582754,0.0,1.3784916513077266,1.0709088323950333
765,c:\dev\monitor-backend_for_badger\simulations\data_worst_day\data_unified_2020_03_ETHUSDT.csv,1584017196058579.8,19505626969.69697,0.007241154211955022,125122020.77490383,12530657243.114218,975281348.4848486,6974969726.582754,0.0,1.3789613778190548,1.0709088323950333
766,c:\dev\monitor-backend_for_badger\simulations\data_worst_day\data_unified_2020_03_ETHUSDT.csv,1584017251277576.8,19505626969.69697,0.007236805122651496,125122020.77490383,12530657243.114218,975281348.4848486,6974969726.582754,0.0,1.379790089671399,1.0709088323950333
767,c:\dev\monitor-backend_for_badger\simulations\data_worst_day\data_unified_2020_03_ETHUSDT.csv,1584017308387362.2,19505626969.69697,0.007253064824758197,125122020.77490383,12530657243.114218,975281348.4848486,6974969726.582754,0.0,1.3766969178371626,1.0709088323950333
768,c:\dev\monitor-backend_for_badger\simulations\data_worst_day\data_unified_2020_03_ETHUSDT.csv,1584017369030178.5,19505626969.69697,0.007342792917313156,125122020.77490383,12530657243.114218,975281348.4848486,6974969726.582754,0.0,1.3598738384101834,1.0709088323950333
769,c:\dev\monitor-backend_for_badger\simulations\data_worst_day\data_unified_2020_03_ETHUSDT.csv,1584017433432431.5,19505626969.69697,0.007310214487835425,125122020.77490383,12530657243.114218,975281348.4848486,6974969726.582754,0.0,1.3659342014839315,1.0709088323950333
770,c:\dev\monitor-backend_for_badger\simulations\data_worst_day\data_unified_2020_03_ETHUSDT.csv,1584017491422108.2,19505626969.69697,0.007301278986263429,125122020.77490383,12530657243.114218,975281348.4848486,6974969726.582754,0.0,1.367605868492899,1.0709088323950333
771,c:\dev\monitor-backend_for_badger\simulations\data_worst_day\data_unified_2020_03_ETHUSDT.csv,1584017548197579.0,19505626969.69697,0.007351919756933954,125122020.77490383,12530657243.114218,975281348.4848486,6974969726.582754,0.0,1.3581856602420275,1.0709088323950333
772,c:\dev\monitor-backend_for_badger\simulations\data_worst_day\data_unified_2020_03_ETHUSDT.csv,1584017610332611.0,19505626969.69697,0.007359954746491296,125122020.77490383,12530657243.114218,975281348.4848486,6974969726.582754,0.0,1.3567029055277844,1.0709088323950333
773,c:\dev\monitor-backend_for_badger\simulations\data_worst_day\data_unified_2020_03_ETHUSDT.csv,1584017667365650.0,19505626969.69697,0.0073489513630622715,125122020.77490383,12530657243.114218,975281348.4848486,6974969726.582754,0.0,1.3587342595987648,1.0709088323950333
774,c:\dev\monitor-backend_for_badger\simulations\data_worst_day\data_unified_2020_03_ETHUSDT.csv,1584017735484725.8,19505626969.69697,0.007339143853447003,125122020.77490383,12530657243.114218,975281348.4848486,6974969726.582754,0.0,1.3605499753800205,1.0709088323950333
775,c:\dev\monitor-backend_for_badger\simulations\data_worst_day\data_unified_2020_03_ETHUSDT.csv,1584017790677785.5,19505626969.69697,0.007277600427431539,125122020.77490383,12530657243.114218,975281348.4848486,6974969726.582754,0.0,1.3720555406532287,1.0709088323950333
776,c:\dev\monitor-backend_for_badger\simulations\data_worst_day\data_unified_2020_03_ETHUSDT.csv,1584017855215048.8,19505626969.69697,0.007286426102432652,125122020.77490383,12530657243.114218,975281348.4848486,6974969726.582754,0.0,1.3703936400019288,1.0709088323950333
777,c:\dev\monitor-backend_for_badger\simulations\data_worst_day\data_unified_2020_03_ETHUSDT.csv,1584017909371930.2,19505626969.69697,0.0073270532058853045,125122020.77490383,12530657243.114218,975281348.4848486,6974969726.582754,0.0,1.3627950703425062,1.0709088323950333
778,c:\dev\monitor-backend_for_badger\simulations\data_worst_day\data_unified_2020_03_ETHUSDT.csv,1584017970232195.5,19505626969.69697,0.007329326253819519,125122020.77490383,12530657243.114218,975281348.4848486,6974969726.582754,0.0,1.3623724259667307,1.0709088323950333
779,c:\dev\monitor-backend_for_badger\simulations\data_worst_day\data_unified_2020_03_ETHUSDT.csv,1584018032477922.2,19505626969.69697,0.007241919209089328,125122020.77490383,12530657243.114218,975281348.4848486,6974969726.582754,0.0,1.3788157118054067,1.0709088323950333
780,c:\dev\monitor-backend_for_badger\simulations\data_worst_day\data_unified_2020_03_ETHUSDT.csv,1584018090410303.8,19505626969.69697,0.00719902972378967,125122020.77490383,12530657243.114218,975281348.4848486,6974969726.582754,0.0,1.387030248829333,1.0709088323950333
781,c:\dev\monitor-backend_for_badger\simulations\data_worst_day\data_unified_2020_03_ETHUSDT.csv,1584018148879344.8,19505626969.69697,0.007208517211885042,125122020.77490383,12530657243.114218,975281348.4848486,6974969726.582754,0.0,1.3852047093200432,1.0709088323950333
782,c:\dev\monitor-backend_for_badger\simulations\data_worst_day\data_unified_2020_03_ETHUSDT.csv,1584018209743068.2,19505626969.69697,0.007200674758082389,125122020.77490383,12530657243.114218,975281348.4848486,6974969726.582754,0.0,1.386713374036203,1.0709088323950333
783,c:\dev\monitor-backend_for_badger\simulations\data_worst_day\data_unified_2020_03_ETHUSDT.csv,1584018273083690.8,19505626969.69697,0.007194710579760037,125122020.77490383,12530657243.114218,975281348.4848486,6974969726.582754,0.0,1.3878629137922578,1.0709088323950333
784,c:\dev\monitor-backend_for_badger\simulations\data_worst_day\data_unified_2020_03_ETHUSDT.csv,1584018327187868.5,19505626969.69697,0.007220985899509155,125122020.77490383,12530657243.114218,975281348.4848486,6974969726.582754,0.0,1.3828128358201746,1.0709088323950333
785,c:\dev\monitor-backend_for_badger\simulations\data_worst_day\data_unified_2020_03_ETHUSDT.csv,1584018383856366.2,19505626969.69697,0.007262816200188157,125122020.77490383,12530657243.114218,975281348.4848486,6974969726.582754,0.0,1.3748485042013128,1.0709088323950333
786,c:\dev\monitor-backend_for_badger\simulations\data_worst_day\data_unified_2020_03_ETHUSDT.csv,1584018451309101.8,19505626969.69697,0.00729064364666292,125122020.77490383,12530657243.114218,975281348.4848486,6974969726.582754,0.0,1.3696008847844616,1.0709088323950333
787,c:\dev\monitor-backend_for_badger\simulations\data_worst_day\data_unified_2020_03_ETHUSDT.csv,1584018510077847.8,19505626969.69697,0.00731055666474729,125122020.77490383,12530657243.114218,975281348.4848486,6974969726.582754,0.0,1.3658702677551735,1.0709088323950333
788,c:\dev\monitor-backend_for_badger\simulations\data_worst_day\data_unified_2020_03_ETHUSDT.csv,1584018567105175.2,19505626969.69697,0.007341100861919977,125122020.77490383,12530657243.114218,975281348.4848486,6974969726.582754,0.0,1.360187276667688,1.0709088323950333
789,c:\dev\monitor-backend_for_badger\simulations\data_worst_day\data_unified_2020_03_ETHUSDT.csv,1584018629535075.0,19505626969.69697,0.007358778391011952,125122020.77490383,12530657243.114218,975281348.4848486,6974969726.582754,0.0,1.3569197845818823,1.0709088323950333
790,c:\dev\monitor-backend_for_badger\simulations\data_worst_day\data_unified_2020_03_ETHUSDT.csv,1584018689260135.8,19505626969.69697,0.0073430590737312,125122020.77490383,12530657243.114218,975281348.4848486,6974969726.582754,0.0,1.359824548441767,1.0709088323950333
791,c:\dev\monitor-backend_for_badger\simulations\data_worst_day\data_unified_2020_03_ETHUSDT.csv,1584018745239342.8,19505626969.69697,0.007335425031866769,125122020.77490383,12530657243.114218,975281348.4848486,6974969726.582754,0.0,1.3612397299051433,1.0709088323950333
792,c:\dev\monitor-backend_for_badger\simulations\data_worst_day\data_unified_2020_03_ETHUSDT.csv,1584018805606446.0,19505626969.69697,0.007339859519805145,125122020.77490383,12530657243.114218,975281348.4848486,6974969726.582754,0.0,1.3604173161862958,1.0709088323950333
793,c:\dev\monitor-backend_for_badger\simulations\data_worst_day\data_unified_2020_03_ETHUSDT.csv,1584018872518149.5,19505626969.69697,0.007347179568320659,125122020.77490383,12530657243.114218,975281348.4848486,6974969726.582754,0.0,1.3590619225058735,1.0709088323950333
794,c:\dev\monitor-backend_for_badger\simulations\data_worst_day\data_unified_2020_03_ETHUSDT.csv,1584018927505270.2,19505626969.69697,0.007367210506838734,125122020.77490383,12530657243.114218,975281348.4848486,6974969726.582754,0.0,1.355366726639446,1.0709088323950333
795,c:\dev\monitor-backend_for_badger\simulations\data_worst_day\data_unified_2020_03_ETHUSDT.csv,1584018988953030.5,19505626969.69697,0.007352967745133488,125122020.77490383,12530657243.114218,975281348.4848486,6974969726.582754,0.0,1.3579920836354047,1.0709088323950333
796,c:\dev\monitor-backend_for_badger\simulations\data_worst_day\data_unified_2020_03_ETHUSDT.csv,1584019050535764.8,19505626969.69697,0.007332190961157741,125122020.77490383,12530657243.114218,975281348.4848486,6974969726.582754,0.0,1.3618401432825054,1.0709088323950333
797,c:\dev\monitor-backend_for_badger\simulations\data_worst_day\data_unified_2020_03_ETHUSDT.csv,1584019104409313.8,19505626969.69697,0.007328992779319642,125122020.77490383,12530657243.114218,975281348.4848486,6974969726.582754,0.0,1.3624344149026015,1.0709088323950333
798,c:\dev\monitor-backend_for_badger\simulations\data_worst_day\data_unified_2020_03_ETHUSDT.csv,1584019170671865.0,19505626969.69697,0.007354051883829809,125122020.77490383,12530657243.114218,975281348.4848486,6974969726.582754,0.0,1.3577918876359172,1.0709088323950333
799,c:\dev\monitor-backend_for_badger\simulations\data_worst_day\data_unified_2020_03_ETHUSDT.csv,1584019228228598.0,19505626969.69697,0.007370745659316738,125122020.77490383,12530657243.114218,975281348.4848486,6974969726.582754,0.0,1.3547166664876311,1.0709088323950333
800,c:\dev\monitor-backend_for_badger\simulations\data_worst_day\data_unified_2020_03_ETHUSDT.csv,1584019295407270.0,19505626969.69697,0.0073740107236501835,125122020.77490383,12530657243.114218,975281348.4848486,6974969726.582754,0.0,1.3541168250668036,1.0709088323950333
801,c:\dev\monitor-backend_for_badger\simulations\data_worst_day\data_unified_2020_03_ETHUSDT.csv,1584019353062981.8,19505626969.69697,0.007372720325093797,125122020.77490383,12530657243.114218,975281348.4848486,6974969726.582754,0.0,1.3543538271934539,1.0709088323950333
802,c:\dev\monitor-backend_for_badger\simulations\data_worst_day\data_unified_2020_03_ETHUSDT.csv,1584019408760211.5,19505626969.69697,0.007450926479891545,125122020.77490383,12530657243.114218,975281348.4848486,6974969726.582754,0.0,1.3401383057618217,1.0709088323950333
803,c:\dev\monitor-backend_for_badger\simulations\data_worst_day\data_unified_2020_03_ETHUSDT.csv,1584019468174294.5,19505626969.69697,0.0074579874256922715,125122020.77490383,12530657243.114218,975281348.4848486,6974969726.582754,0.0,1.3388695125335222,1.0709088323950333
804,c:\dev\monitor-backend_for_badger\simulations\data_worst_day\data_unified_2020_03_ETHUSDT.csv,1584019532642579.0,19505626969.69697,0.0074580967902112445,125122020.77490383,12530657243.114218,975281348.4848486,6974969726.582754,0.0,1.3388498795327277,1.0709088323950333
805,c:\dev\monitor-backend_for_badger\simulations\data_worst_day\data_unified_2020_03_ETHUSDT.csv,1584019590978122.2,19505626969.69697,0.007441992315202558,125122020.77490383,12530657243.114218,975281348.4848486,6974969726.582754,0.0,1.341747151326636,1.0709088323950333
806,c:\dev\monitor-backend_for_badger\simulations\data_worst_day\data_unified_2020_03_ETHUSDT.csv,1584019654198159.0,19505626969.69697,0.0074281755559556075,125122020.77490383,12530657243.114218,975281348.4848486,6974969726.582754,0.0,1.3442428647384306,1.0709088323950333
807,c:\dev\monitor-backend_for_badger\simulations\data_worst_day\data_unified_2020_03_ETHUSDT.csv,1584019712655416.8,19505626969.69697,0.007429534958921632,125122020.77490383,12530657243.114218,975281348.4848486,6974969726.582754,0.0,1.3439969048301068,1.0709088323950333
808,c:\dev\monitor-backend_for_badger\simulations\data_worst_day\data_unified_2020_03_ETHUSDT.csv,1584019769774652.0,19505626969.69697,0.0074545055246017355,125122020.77490383,12530657243.114218,975281348.4848486,6974969726.582754,0.0,1.3394948808024691,1.0709088323950333
809,c:\dev\monitor-backend_for_badger\simulations\data_worst_day\data_unified_2020_03_ETHUSDT.csv,1584019832789328.5,19505626969.69697,0.007501563378183025,125122020.77490383,12530657243.114218,975281348.4848486,6974969726.582754,0.0,1.3310921318292335,1.0709088323950333
810,c:\dev\monitor-backend_for_badger\simulations\data_worst_day\data_unified_2020_03_ETHUSDT.csv,1584019889714963.8,19505626969.69697,0.007597248181032739,125122020.77490383,12530657243.114218,975281348.4848486,6974969726.582754,0.0,1.3143274711028845,1.0709088323950333
811,c:\dev\monitor-backend_for_badger\simulations\data_worst_day\data_unified_2020_03_ETHUSDT.csv,1584019945431100.5,19505626969.69697,0.0075807913841605635,125122020.77490383,12530657243.114218,975281348.4848486,6974969726.582754,0.0,1.3171806851170116,1.0709088323950333
812,c:\dev\monitor-backend_for_badger\simulations\data_worst_day\data_unified_2020_03_ETHUSDT.csv,1584020007850303.5,19505626969.69697,0.0075812029220312,125122020.77490383,12530657243.114218,975281348.4848486,6974969726.582754,0.0,1.3171091833065505,1.0709088323950333
813,c:\dev\monitor-backend_for_badger\simulations\data_worst_day\data_unified_2020_03_ETHUSDT.csv,1584020070781815.2,19505626969.69697,0.0076365864054925205,125122020.77490383,12530657243.114218,975281348.4848486,6974969726.582754,0.0,1.3075569971860679,1.0709088323950333
814,c:\dev\monitor-backend_for_badger\simulations\data_worst_day\data_unified_2020_03_ETHUSDT.csv,1584020130780012.0,19505626969.69697,0.0077071120957051,125122020.77490383,12530657243.114218,975281348.4848486,6974969726.582754,0.0,1.295591898122539,1.0709088323950333
815,c:\dev\monitor-backend_for_badger\simulations\data_worst_day\data_unified_2020_03_ETHUSDT.csv,1584020191120309.0,19505626969.69697,0.007757962643065106,125122020.77490383,12530657243.114218,975281348.4848486,6974969726.582754,0.0,1.2870997771616817,1.0709088323950333
816,c:\dev\monitor-backend_for_badger\simulations\data_worst_day\data_unified_2020_03_ETHUSDT.csv,1584020252649329.2,19505626969.69697,0.007799321114250945,125122020.77490383,12530657243.114218,975281348.4848486,6974969726.582754,0.0,1.2802745063121748,1.0709088323950333
817,c:\dev\monitor-backend_for_badger\simulations\data_worst_day\data_unified_2020_03_ETHUSDT.csv,1584020308476016.2,19505626969.69697,0.007672286568238095,125122020.77490383,12530657243.114218,975281348.4848486,6974969726.582754,0.0,1.3014727617780861,1.0709088323950333
818,c:\dev\monitor-backend_for_badger\simulations\data_worst_day\data_unified_2020_03_ETHUSDT.csv,1584020371331005.0,19505626969.69697,0.0076467258481242575,125122020.77490383,12530657243.114218,975281348.4848486,6974969726.582754,0.0,1.3058231964164293,1.0709088323950333
819,c:\dev\monitor-backend_for_badger\simulations\data_worst_day\data_unified_2020_03_ETHUSDT.csv,1584020426924027.2,19505626969.69697,0.007701193865180284,125122020.77490383,12530657243.114218,975281348.4848486,6974969726.582754,0.0,1.296587537455012,1.0709088323950333
820,c:\dev\monitor-backend_for_badger\simulations\data_worst_day\data_unified_2020_03_ETHUSDT.csv,1584020489451548.8,19505626969.69697,0.007771639785558758,125122020.77490383,12530657243.114218,975281348.4848486,6974969726.582754,0.0,1.284834637816379,1.0709088323950333
821,c:\dev\monitor-backend_for_badger\simulations\data_worst_day\data_unified_2020_03_ETHUSDT.csv,1584020552083910.5,19505626969.69697,0.00775244287299101,125122020.77490383,12530657243.114218,975281348.4848486,6974969726.582754,0.0,1.2880161973080466,1.0709088323950333
822,c:\dev\monitor-backend_for_badger\simulations\data_worst_day\data_unified_2020_03_ETHUSDT.csv,1584020610566408.5,19505626969.69697,0.007787331156929208,125122020.77490383,12530657243.114218,975281348.4848486,6974969726.582754,0.0,1.282245712670483,1.0709088323950333
823,c:\dev\monitor-backend_for_badger\simulations\data_worst_day\data_unified_2020_03_ETHUSDT.csv,1584020668897929.2,19505626969.69697,0.007790256676533019,125122020.77490383,12530657243.114218,975281348.4848486,6974969726.582754,0.0,1.281764183611162,1.0709088323950333
824,c:\dev\monitor-backend_for_badger\simulations\data_worst_day\data_unified_2020_03_ETHUSDT.csv,1584020733507540.0,19505626969.69697,0.007826539584555417,125122020.77490383,12530657243.114218,975281348.4848486,6974969726.582754,0.0,1.2758220770801811,1.0709088323950333
825,c:\dev\monitor-backend_for_badger\simulations\data_worst_day\data_unified_2020_03_ETHUSDT.csv,1584020789794082.8,19505626969.69697,0.007797750728234311,125122020.77490383,12530657243.114218,975281348.4848486,6974969726.582754,0.0,1.280532340302031,1.0709088323950333
826,c:\dev\monitor-backend_for_badger\simulations\data_worst_day\data_unified_2020_03_ETHUSDT.csv,1584020847652250.2,19505626969.69697,0.00759261716186672,125122020.77490383,12530657243.114218,975281348.4848486,6974969726.582754,0.0,1.3151291282363,1.0709088323950333
827,c:\dev\monitor-backend_for_badger\simulations\data_worst_day\data_unified_2020_03_ETHUSDT.csv,1584020907034940.5,19505626969.69697,0.00765217842910319,125122020.77490383,12530657243.114218,975281348.4848486,6974969726.582754,0.0,1.3048927284733989,1.0709088323950333
828,c:\dev\monitor-backend_for_badger\simulations\data_worst_day\data_unified_2020_03_ETHUSDT.csv,1584020970845959.8,19505626969.69697,0.0077099910210306636,125122020.77490383,12530657243.114218,975281348.4848486,6974969726.582754,0.0,1.295108121641227,1.0709088323950333
829,c:\dev\monitor-backend_for_badger\simulations\data_worst_day\data_unified_2020_03_ETHUSDT.csv,1584021028101491.8,19505626969.69697,0.0076935778954384465,125122020.77490383,12530657243.114218,975281348.4848486,6974969726.582754,0.0,1.2978710458027674,1.0709088323950333
830,c:\dev\monitor-backend_for_badger\simulations\data_worst_day\data_unified_2020_03_ETHUSDT.csv,1584021089919817.0,19505626969.69697,0.007598369603629921,125122020.77490383,12530657243.114218,975281348.4848486,6974969726.582754,0.0,1.3141334931045665,1.0709088323950333
831,c:\dev\monitor-backend_for_badger\simulations\data_worst_day\data_unified_2020_03_ETHUSDT.csv,1584021147745973.8,19505626969.69697,0.007619002552504266,125122020.77490383,12530657243.114218,975281348.4848486,6974969726.582754,0.0,1.3105747005998472,1.0709088323950333
832,c:\dev\monitor-backend_for_badger\simulations\data_worst_day\data_unified_2020_03_ETHUSDT.csv,1584021211719560.5,19505626969.69697,0.007657331871358984,125122020.77490383,12530657243.114218,975281348.4848486,6974969726.582754,0.0,1.3040145257992606,1.0709088323950333
833,c:\dev\monitor-backend_for_badger\simulations\data_worst_day\data_unified_2020_03_ETHUSDT.csv,1584021268592239.8,19505626969.69697,0.007695708583659041,125122020.77490383,12530657243.114218,975281348.4848486,6974969726.582754,0.0,1.2975117080602994,1.0709088323950333
834,c:\dev\monitor-backend_for_badger\simulations\data_worst_day\data_unified_2020_03_ETHUSDT.csv,1584021330765429.8,19505626969.69697,0.007661860983031448,125122020.77490383,12530657243.114218,975281348.4848486,6974969726.582754,0.0,1.3032436912170433,1.0709088323950333
835,c:\dev\monitor-backend_for_badger\simulations\data_worst_day\data_unified_2020_03_ETHUSDT.csv,1584021385592180.2,19505626969.69697,0.007603183337894293,125122020.77490383,12530657243.114218,975281348.4848486,6974969726.582754,0.0,1.3133014877270048,1.0709088323950333
836,c:\dev\monitor-backend_for_badger\simulations\data_worst_day\data_unified_2020_03_ETHUSDT.csv,1584021448616773.8,19505626969.69697,0.0075777726783062965,125122020.77490383,12530657243.114218,975281348.4848486,6974969726.582754,0.0,1.3177054014438383,1.0709088323950333
837,c:\dev\monitor-backend_for_badger\simulations\data_worst_day\data_unified_2020_03_ETHUSDT.csv,1584021512052323.0,19505626969.69697,0.007534441315443451,125122020.77490383,12530657243.114218,975281348.4848486,6974969726.582754,0.0,1.3252836635213807,1.0709088323950333
838,c:\dev\monitor-backend_for_badger\simulations\data_worst_day\data_unified_2020_03_ETHUSDT.csv,1584021570535982.8,19505626969.69697,0.0074603536586042365,125122020.77490383,12530657243.114218,975281348.4848486,6974969726.582754,0.0,1.3384448574500825,1.0709088323950333
839,c:\dev\monitor-backend_for_badger\simulations\data_worst_day\data_unified_2020_03_ETHUSDT.csv,1584021627068673.8,19505626969.69697,0.007358500541374722,125122020.77490383,12530657243.114218,975281348.4848486,6974969726.582754,0.0,1.3569710205188474,1.0709088323950333
840,c:\dev\monitor-backend_for_badger\simulations\data_worst_day\data_unified_2020_03_ETHUSDT.csv,1584021688410653.8,19505626969.69697,0.007372083149792238,125122020.77490383,12530657243.114218,975281348.4848486,6974969726.582754,0.0,1.3544708851254827,1.0709088323950333
841,c:\dev\monitor-backend_for_badger\simulations\data_worst_day\data_unified_2020_03_ETHUSDT.csv,1584021751725256.0,19505626969.69697,0.00741834245522859,125122020.77490383,12530657243.114218,975281348.4848486,6974969726.582754,0.0,1.3460246745659386,1.0709088323950333
842,c:\dev\monitor-backend_for_badger\simulations\data_worst_day\data_unified_2020_03_ETHUSDT.csv,1584021810120439.5,19505626969.69697,0.0074297196443213545,125122020.77490383,12530657243.114218,975281348.4848486,6974969726.582754,0.0,1.3439634962201623,1.0709088323950333
843,c:\dev\monitor-backend_for_badger\simulations\data_worst_day\data_unified_2020_03_ETHUSDT.csv,1584021872425038.2,19505626969.69697,0.007419696944801521,125122020.77490383,12530657243.114218,975281348.4848486,6974969726.582754,0.0,1.3457789534266291,1.0709088323950333
844,c:\dev\monitor-backend_for_badger\simulations\data_worst_day\data_unified_2020_03_ETHUSDT.csv,1584021929066599.2,19505626969.69697,0.007419692889267041,125122020.77490383,12530657243.114218,975281348.4848486,6974969726.582754,0.0,1.3457796890167713,1.0709088323950333
845,c:\dev\monitor-backend_for_badger\simulations\data_worst_day\data_unified_2020_03_ETHUSDT.csv,1584021990232204.8,19505626969.69697,0.007436071210951612,125122020.77490383,12530657243.114218,975281348.4848486,6974969726.582754,0.0,1.3428155414127496,1.0709088323950333
846,c:\dev\monitor-backend_for_badger\simulations\data_worst_day\data_unified_2020_03_ETHUSDT.csv,1584022052390489.0,19505626969.69697,0.007440729083253597,125122020.77490383,12530657243.114218,975281348.4848486,6974969726.582754,0.0,1.3419749432338564,1.0709088323950333
847,c:\dev\monitor-backend_for_badger\simulations\data_worst_day\data_unified_2020_03_ETHUSDT.csv,1584022107575703.5,19505626969.69697,0.007398171817417202,125122020.77490383,12530657243.114218,975281348.4848486,6974969726.582754,0.0,1.3496945239376363,1.0709088323950333
848,c:\dev\monitor-backend_for_badger\simulations\data_worst_day\data_unified_2020_03_ETHUSDT.csv,1584022169100592.8,19505626969.69697,0.007392803822351111,125122020.77490383,12530657243.114218,975281348.4848486,6974969726.582754,0.0,1.3506745517754268,1.0709088323950333
849,c:\dev\monitor-backend_for_badger\simulations\data_worst_day\data_unified_2020_03_ETHUSDT.csv,1584022231214635.2,19505626969.69697,0.0073884794933037805,125122020.77490383,12530657243.114218,975281348.4848486,6974969726.582754,0.0,1.3514650745349506,1.0709088323950333
850,c:\dev\monitor-backend_for_badger\simulations\data_worst_day\data_unified_2020_03_ETHUSDT.csv,1584022290689649.5,19505626969.69697,0.007371106796143618,125122020.77490383,12530657243.114218,975281348.4848486,6974969726.582754,0.0,1.3546502940836238,1.0709088323950333
851,c:\dev\monitor-backend_for_badger\simulations\data_worst_day\data_unified_2020_03_ETHUSDT.csv,1584022352674264.2,19505626969.69697,0.0073682586757255935,125122020.77490383,12530657243.114218,975281348.4848486,6974969726.582754,0.0,1.3551739194517956,1.0709088323950333
852,c:\dev\monitor-backend_for_badger\simulations\data_worst_day\data_unified_2020_03_ETHUSDT.csv,1584022410739421.8,19505626969.69697,0.0073537653528939146,125122020.77490383,12530657243.114218,975281348.4848486,6974969726.582754,0.0,1.3578447924216486,1.0709088323950333
853,c:\dev\monitor-backend_for_badger\simulations\data_worst_day\data_unified_2020_03_ETHUSDT.csv,1584022470573303.2,19505626969.69697,0.007368063976853532,125122020.77490383,12530657243.114218,975281348.4848486,6974969726.582754,0.0,1.3552097295145737,1.0709088323950333
854,c:\dev\monitor-backend_for_badger\simulations\data_worst_day\data_unified_2020_03_ETHUSDT.csv,1584022525887511.8,19505626969.69697,0.0073550969752795275,125122020.77490383,12530657243.114218,975281348.4848486,6974969726.582754,0.0,1.3575989579305667,1.0709088323950333
855,c:\dev\monitor-backend_for_badger\simulations\data_worst_day\data_unified_2020_03_ETHUSDT.csv,1584022589616099.5,19505626969.69697,0.007300908015759551,125122020.77490383,12530657243.114218,975281348.4848486,6974969726.582754,0.0,1.367675358676455,1.0709088323950333
856,c:\dev\monitor-backend_for_badger\simulations\data_worst_day\data_unified_2020_03_ETHUSDT.csv,1584022648860947.8,19505626969.69697,0.007286021284428779,125122020.77490383,12530657243.114218,975281348.4848486,6974969726.582754,0.0,1.370469780325462,1.0709088323950333
857,c:\dev\monitor-backend_for_badger\simulations\data_worst_day\data_unified_2020_03_ETHUSDT.csv,1584022709051824.2,19505626969.69697,0.007194087185555014,125122020.77490383,12530657243.114218,975281348.4848486,6974969726.582754,0.0,1.3879831772357647,1.0709088323950333
858,c:\dev\monitor-backend_for_badger\simulations\data_worst_day\data_unified_2020_03_ETHUSDT.csv,1584022770092818.8,19505626969.69697,0.007237159541655904,125122020.77490383,12530657243.114218,975281348.4848486,6974969726.582754,0.0,1.3797225184333937,1.0709088323950333
859,c:\dev\monitor-backend_for_badger\simulations\data_worst_day\data_unified_2020_03_ETHUSDT.csv,1584022827914660.2,19505626969.69697,0.0072535807743408075,125122020.77490383,12530657243.114218,975281348.4848486,6974969726.582754,0.0,1.376598992933279,1.0709088323950333
860,c:\dev\monitor-backend_for_badger\simulations\data_worst_day\data_unified_2020_03_ETHUSDT.csv,1584022884986787.8,19505626969.69697,0.0072421858544159294,125122020.77490383,12530657243.114218,975281348.4848486,6974969726.582754,0.0,1.3787649460872673,1.0709088323950333
861,c:\dev\monitor-backend_for_badger\simulations\data_worst_day\data_unified_2020_03_ETHUSDT.csv,1584022946658840.2,19505626969.69697,0.007226315652151935,125122020.77490383,12530657243.114218,975281348.4848486,6974969726.582754,0.0,1.381792945364104,1.0709088323950333
862,c:\dev\monitor-backend_for_badger\simulations\data_worst_day\data_unified_2020_03_ETHUSDT.csv,1584023012322463.5,19505626969.69697,0.007223476759503228,125122020.77490383,12530657243.114218,975281348.4848486,6974969726.582754,0.0,1.3823360026708875,1.0709088323950333
863,c:\dev\monitor-backend_for_badger\simulations\data_worst_day\data_unified_2020_03_ETHUSDT.csv,1584023070450811.0,19505626969.69697,0.007223533918122803,125122020.77490383,12530657243.114218,975281348.4848486,6974969726.582754,0.0,1.382325064476564,1.0709088323950333
864,c:\dev\monitor-backend_for_badger\simulations\data_worst_day\data_unified_2020_03_ETHUSDT.csv,1584023132337205.8,19505626969.69697,0.007228599460384389,125122020.77490383,12530657243.114218,975281348.4848486,6974969726.582754,0.0,1.3813563808371216,1.0709088323950333
865,c:\dev\monitor-backend_for_badger\simulations\data_worst_day\data_unified_2020_03_ETHUSDT.csv,1584023190605814.0,19505626969.69697,0.007291670863921206,125122020.77490383,12530657243.114218,975281348.4848486,6974969726.582754,0.0,1.3694079416727838,1.0709088323950333
866,c:\dev\monitor-backend_for_badger\simulations\data_worst_day\data_unified_2020_03_ETHUSDT.csv,1584023249237729.8,19505626969.69697,0.007274010153992732,125122020.77490383,12530657243.114218,975281348.4848486,6974969726.582754,0.0,1.372732753698013,1.0709088323950333
867,c:\dev\monitor-backend_for_badger\simulations\data_worst_day\data_unified_2020_03_ETHUSDT.csv,1584023311312611.0,19505626969.69697,0.007261631031141966,125122020.77490383,12530657243.114218,975281348.4848486,6974969726.582754,0.0,1.3750728928935214,1.0709088323950333
868,c:\dev\monitor-backend_for_badger\simulations\data_worst_day\data_unified_2020_03_ETHUSDT.csv,1584023366175823.0,19505626969.69697,0.007263897621849034,125122020.77490383,12530657243.114218,975281348.4848486,6974969726.582754,0.0,1.3746438219452748,1.0709088323950333
869,c:\dev\monitor-backend_for_badger\simulations\data_worst_day\data_unified_2020_03_ETHUSDT.csv,1584023427777304.0,19505626969.69697,0.007248457196369895,125122020.77490383,12530657243.114218,975281348.4848486,6974969726.582754,0.0,1.3775720430712457,1.0709088323950333
870,c:\dev\monitor-backend_for_badger\simulations\data_worst_day\data_unified_2020_03_ETHUSDT.csv,1584023485272642.0,19505626969.69697,0.007217262201273358,125122020.77490383,12530657243.114218,975281348.4848486,6974969726.582754,0.0,1.3835262888683781,1.0709088323950333
871,c:\dev\monitor-backend_for_badger\simulations\data_worst_day\data_unified_2020_03_ETHUSDT.csv,1584023550115701.8,19505626969.69697,0.007156599655956605,125122020.77490383,12530657243.114218,975281348.4848486,6974969726.582754,0.0,1.3952536776046673,1.0709088323950333
872,c:\dev\monitor-backend_for_badger\simulations\data_worst_day\data_unified_2020_03_ETHUSDT.csv,1584023606851450.5,19505626969.69697,0.007132909613811163,125122020.77490383,12530657243.114218,975281348.4848486,6974969726.582754,0.0,1.3998876376876657,1.0709088323950333
873,c:\dev\monitor-backend_for_badger\simulations\data_worst_day\data_unified_2020_03_ETHUSDT.csv,1584023667935862.0,19505626969.69697,0.007158500727294433,125122020.77490383,12530657243.114218,975281348.4848486,6974969726.582754,0.0,1.394883142365999,1.0709088323950333
874,c:\dev\monitor-backend_for_badger\simulations\data_worst_day\data_unified_2020_03_ETHUSDT.csv,1584023727546003.2,19505626969.69697,0.007155107629021129,125122020.77490383,12530657243.114218,975281348.4848486,6974969726.582754,0.0,1.3955446244606395,1.0709088323950333
875,c:\dev\monitor-backend_for_badger\simulations\data_worst_day\data_unified_2020_03_ETHUSDT.csv,1584023785848480.2,19505626969.69697,0.00713234534606916,125122020.77490383,12530657243.114218,975281348.4848486,6974969726.582754,0.0,1.3999983882750318,1.0709088323950333
876,c:\dev\monitor-backend_for_badger\simulations\data_worst_day\data_unified_2020_03_ETHUSDT.csv,1584023856166939.0,19505626969.69697,0.0070990221885445706,125122020.77490383,12530657243.114218,975281348.4848486,6974969726.582754,0.0,1.4065700492147515,1.0709088323950333
877,c:\dev\monitor-backend_for_badger\simulations\data_worst_day\data_unified_2020_03_ETHUSDT.csv,1584023911118341.8,19505626969.69697,0.007036884809071841,125122020.77490383,12530657243.114218,975281348.4848486,6974969726.582754,0.0,1.418990399877641,1.0709088323950333
878,c:\dev\monitor-backend_for_badger\simulations\data_worst_day\data_unified_2020_03_ETHUSDT.csv,1584023972027110.0,19505626969.69697,0.007027729547702004,125122020.77490383,12530657243.114218,975281348.4848486,6974969726.582754,0.0,1.4208389667446482,1.0709088323950333
879,c:\dev\monitor-backend_for_badger\simulations\data_worst_day\data_unified_2020_03_ETHUSDT.csv,1584024030157381.8,19505626969.69697,0.007059154840179936,125122020.77490383,12530657243.114218,975281348.4848486,6974969726.582754,0.0,1.414513807273737,1.0709088323950333
880,c:\dev\monitor-backend_for_badger\simulations\data_worst_day\data_unified_2020_03_ETHUSDT.csv,1584024091564839.2,19505626969.69697,0.007032041550033734,125122020.77490383,12530657243.114218,975281348.4848486,6974969726.582754,0.0,1.4199677174930583,1.0709088323950333
881,c:\dev\monitor-backend_for_badger\simulations\data_worst_day\data_unified_2020_03_ETHUSDT.csv,1584024150094001.5,19505626969.69697,0.007057197437266686,125122020.77490383,12530657243.114218,975281348.4848486,6974969726.582754,0.0,1.4149061405578491,1.0709088323950333
882,c:\dev\monitor-backend_for_badger\simulations\data_worst_day\data_unified_2020_03_ETHUSDT.csv,1584024213131640.8,19505626969.69697,0.007058888948643997,125122020.77490383,12530657243.114218,975281348.4848486,6974969726.582754,0.0,1.4145670886401898,1.0709088323950333
883,c:\dev\monitor-backend_for_badger\simulations\data_worst_day\data_unified_2020_03_ETHUSDT.csv,1584024267863231.2,19505626969.69697,0.007098083406920955,125122020.77490383,12530657243.114218,975281348.4848486,6974969726.582754,0.0,1.406756080011916,1.0709088323950333
884,c:\dev\monitor-backend_for_badger\simulations\data_worst_day\data_unified_2020_03_ETHUSDT.csv,1584024330275830.0,19505626969.69697,0.007175813701328683,125122020.77490383,12530657243.114218,975281348.4848486,6974969726.582754,0.0,1.391517729518098,1.0709088323950333
885,c:\dev\monitor-backend_for_badger\simulations\data_worst_day\data_unified_2020_03_ETHUSDT.csv,1584024391745603.8,19505626969.69697,0.00710804194981147,125122020.77490383,12530657243.114218,975281348.4848486,6974969726.582754,0.0,1.4047851798880555,1.0709088323950333
886,c:\dev\monitor-backend_for_badger\simulations\data_worst_day\data_unified_2020_03_ETHUSDT.csv,1584024446373145.8,19505626969.69697,0.0071009957727633174,125122020.77490383,12530657243.114218,975281348.4848486,6974969726.582754,0.0,1.406179120316816,1.0709088323950333
887,c:\dev\monitor-backend_for_badger\simulations\data_worst_day\data_unified_2020_03_ETHUSDT.csv,1584024511182890.0,19505626969.69697,0.007098202177474585,125122020.77490383,12530657243.114218,975281348.4848486,6974969726.582754,0.0,1.4067325414884608,1.0709088323950333
888,c:\dev\monitor-backend_for_badger\simulations\data_worst_day\data_unified_2020_03_ETHUSDT.csv,1584024566557802.5,19505626969.69697,0.007090286558923522,125122020.77490383,12530657243.114218,975281348.4848486,6974969726.582754,0.0,1.4083030221889588,1.0709088323950333
889,c:\dev\monitor-backend_for_badger\simulations\data_worst_day\data_unified_2020_03_ETHUSDT.csv,1584024631546660.2,19505626969.69697,0.007081142072238213,125122020.77490383,12530657243.114218,975281348.4848486,6974969726.582754,0.0,1.4101216847865892,1.0709088323950333
890,c:\dev\monitor-backend_for_badger\simulations\data_worst_day\data_unified_2020_03_ETHUSDT.csv,1584024689099113.2,19505626969.69697,0.007082397281580521,125122020.77490383,12530657243.114218,975281348.4848486,6974969726.582754,0.0,1.4098717697024499,1.0709088323950333
891,c:\dev\monitor-backend_for_badger\simulations\data_worst_day\data_unified_2020_03_ETHUSDT.csv,1584024748205012.5,19505626969.69697,0.007118989211249728,125122020.77490383,12530657243.114218,975281348.4848486,6974969726.582754,0.0,1.4026249644175046,1.0709088323950333
892,c:\dev\monitor-backend_for_badger\simulations\data_worst_day\data_unified_2020_03_ETHUSDT.csv,1584024811822912.0,19505626969.69697,0.007127543763175925,125122020.77490383,12530657243.114218,975281348.4848486,6974969726.582754,0.0,1.4009415193921535,1.0709088323950333
893,c:\dev\monitor-backend_for_badger\simulations\data_worst_day\data_unified_2020_03_ETHUSDT.csv,1584024869622841.5,19505626969.69697,0.007155665556840434,125122020.77490383,12530657243.114218,975281348.4848486,6974969726.582754,0.0,1.3954358137339666,1.0709088323950333
894,c:\dev\monitor-backend_for_badger\simulations\data_worst_day\data_unified_2020_03_ETHUSDT.csv,1584024928850543.5,19505626969.69697,0.007150735202204572,125122020.77490383,12530657243.114218,975281348.4848486,6974969726.582754,0.0,1.396397951645488,1.0709088323950333
895,c:\dev\monitor-backend_for_badger\simulations\data_worst_day\data_unified_2020_03_ETHUSDT.csv,1584024991218127.8,19505626969.69697,0.007188375629181509,125122020.77490383,12530657243.114218,975281348.4848486,6974969726.582754,0.0,1.3890860055479186,1.0709088323950333
896,c:\dev\monitor-backend_for_badger\simulations\data_worst_day\data_unified_2020_03_ETHUSDT.csv,1584025050360452.0,19505626969.69697,0.007210300467154457,125122020.77490383,12530657243.114218,975281348.4848486,6974969726.582754,0.0,1.3848621197693907,1.0709088323950333
897,c:\dev\monitor-backend_for_badger\simulations\data_worst_day\data_unified_2020_03_ETHUSDT.csv,1584025105097225.5,19505626969.69697,0.0072063691061513176,125122020.77490383,12530657243.114218,975281348.4848486,6974969726.582754,0.0,1.3856176171429209,1.0709088323950333
898,c:\dev\monitor-backend_for_badger\simulations\data_worst_day\data_unified_2020_03_ETHUSDT.csv,1584025172020884.2,19505626969.69697,0.00716273549340463,125122020.77490383,12530657243.114218,975281348.4848486,6974969726.582754,0.0,1.3940584568998926,1.0709088323950333
899,c:\dev\monitor-backend_for_badger\simulations\data_worst_day\data_unified_2020_03_ETHUSDT.csv,1584025230517630.2,19505626969.69697,0.007184291677584344,125122020.77490383,12530657243.114218,975281348.4848486,6974969726.582754,0.0,1.3898756394137954,1.0709088323950333
900,c:\dev\monitor-backend_for_badger\simulations\data_worst_day\data_unified_2020_03_ETHUSDT.csv,1584025285270504.0,19505626969.69697,0.007196456860384031,125122020.77490383,12530657243.114218,975281348.4848486,6974969726.582754,0.0,1.3875261372142647,1.0709088323950333
901,c:\dev\monitor-backend_for_badger\simulations\data_worst_day\data_unified_2020_03_ETHUSDT.csv,1584025351516752.8,19505626969.69697,0.007210073586397926,125122020.77490383,12530657243.114218,975281348.4848486,6974969726.582754,0.0,1.3849056974890435,1.0709088323950333
902,c:\dev\monitor-backend_for_badger\simulations\data_worst_day\data_unified_2020_03_ETHUSDT.csv,1584025408851530.5,19505626969.69697,0.007239919625056676,125122020.77490383,12530657243.114218,975281348.4848486,6974969726.582754,0.0,1.3791965251326368,1.0709088323950333
903,c:\dev\monitor-backend_for_badger\simulations\data_worst_day\data_unified_2020_03_ETHUSDT.csv,1584025472466291.0,19505626969.69697,0.007297732897095335,125122020.77490383,12530657243.114218,975281348.4848486,6974969726.582754,0.0,1.3682704108137633,1.0709088323950333
904,c:\dev\monitor-backend_for_badger\simulations\data_worst_day\data_unified_2020_03_ETHUSDT.csv,1584025529923461.2,19505626969.69697,0.007283539519709759,125122020.77490383,12530657243.114218,975281348.4848486,6974969726.582754,0.0,1.370936748828906,1.0709088323950333
905,c:\dev\monitor-backend_for_badger\simulations\data_worst_day\data_unified_2020_03_ETHUSDT.csv,1584025585920616.5,19505626969.69697,0.007275763462005193,125122020.77490383,12530657243.114218,975281348.4848486,6974969726.582754,0.0,1.3724019535904235,1.0709088323950333
906,c:\dev\monitor-backend_for_badger\simulations\data_worst_day\data_unified_2020_03_ETHUSDT.csv,1584025653198663.2,19505626969.69697,0.007259111851010215,125122020.77490383,12530657243.114218,975281348.4848486,6974969726.582754,0.0,1.3755500940143452,1.0709088323950333
907,c:\dev\monitor-backend_for_badger\simulations\data_worst_day\data_unified_2020_03_ETHUSDT.csv,1584025708218395.5,19505626969.69697,0.007194688117011535,125122020.77490383,12530657243.114218,975281348.4848486,6974969726.582754,0.0,1.387867246880097,1.0709088323950333
908,c:\dev\monitor-backend_for_badger\simulations\data_worst_day\data_unified_2020_03_ETHUSDT.csv,1584025772803466.5,19505626969.69697,0.007211676985617845,125122020.77490383,12530657243.114218,975281348.4848486,6974969726.582754,0.0,1.384597786205795,1.0709088323950333
909,c:\dev\monitor-backend_for_badger\simulations\data_worst_day\data_unified_2020_03_ETHUSDT.csv,1584025827574583.2,19505626969.69697,0.007192120735098723,125122020.77490383,12530657243.114218,975281348.4848486,6974969726.582754,0.0,1.388362675891687,1.0709088323950333
910,c:\dev\monitor-backend_for_badger\simulations\data_worst_day\data_unified_2020_03_ETHUSDT.csv,1584025889909743.8,19505626969.69697,0.007173264988504014,125122020.77490383,12530657243.114218,975281348.4848486,6974969726.582754,0.0,1.3920121458109105,1.0709088323950333
911,c:\dev\monitor-backend_for_badger\simulations\data_worst_day\data_unified_2020_03_ETHUSDT.csv,1584025949388721.0,19505626969.69697,0.007165495583423613,125122020.77490383,12530657243.114218,975281348.4848486,6974969726.582754,0.0,1.3935214770374431,1.0709088323950333
912,c:\dev\monitor-backend_for_badger\simulations\data_worst_day\data_unified_2020_03_ETHUSDT.csv,1584026015915969.0,19505626969.69697,0.007184146096836436,125122020.77490383,12530657243.114218,975281348.4848486,6974969726.582754,0.0,1.3899038040881153,1.0709088323950333
913,c:\dev\monitor-backend_for_badger\simulations\data_worst_day\data_unified_2020_03_ETHUSDT.csv,1584026073323333.8,19505626969.69697,0.007165908982114075,125122020.77490383,12530657243.114218,975281348.4848486,6974969726.582754,0.0,1.3934410852887933,1.0709088323950333
914,c:\dev\monitor-backend_for_badger\simulations\data_worst_day\data_unified_2020_03_ETHUSDT.csv,1584026128233486.2,19505626969.69697,0.007185586106343719,125122020.77490383,12530657243.114218,975281348.4848486,6974969726.582754,0.0,1.3896252638740711,1.0709088323950333
915,c:\dev\monitor-backend_for_badger\simulations\data_worst_day\data_unified_2020_03_ETHUSDT.csv,1584026187641024.5,19505626969.69697,0.007150724809012432,125122020.77490383,12530657243.114218,975281348.4848486,6974969726.582754,0.0,1.39639998123446,1.0709088323950333
916,c:\dev\monitor-backend_for_badger\simulations\data_worst_day\data_unified_2020_03_ETHUSDT.csv,1584026247769597.8,19505626969.69697,0.00710181681353213,125122020.77490383,12530657243.114218,975281348.4848486,6974969726.582754,0.0,1.4060165520027705,1.0709088323950333
917,c:\dev\monitor-backend_for_badger\simulations\data_worst_day\data_unified_2020_03_ETHUSDT.csv,1584026311085324.2,19505626969.69697,0.0070919187884070116,125122020.77490383,12530657243.114218,975281348.4848486,6974969726.582754,0.0,1.407978896408181,1.0709088323950333
918,c:\dev\monitor-backend_for_badger\simulations\data_worst_day\data_unified_2020_03_ETHUSDT.csv,1584026370586726.0,19505626969.69697,0.007118402406067182,125122020.77490383,12530657243.114218,975281348.4848486,6974969726.582754,0.0,1.4027405897434326,1.0709088323950333
919,c:\dev\monitor-backend_for_badger\simulations\data_worst_day\data_unified_2020_03_ETHUSDT.csv,1584026431974541.5,19505626969.69697,0.0070971404306535224,125122020.77490383,12530657243.114218,975281348.4848486,6974969726.582754,0.0,1.4069429915730551,1.0709088323950333
920,c:\dev\monitor-backend_for_badger\simulations\data_worst_day\data_unified_2020_03_ETHUSDT.csv,1584026492139505.8,19505626969.69697,0.007098128918305073,125122020.77490383,12530657243.114218,975281348.4848486,6974969726.582754,0.0,1.406747060252335,1.0709088323950333
921,c:\dev\monitor-backend_for_badger\simulations\data_worst_day\data_unified_2020_03_ETHUSDT.csv,1584026551151384.8,19505626969.69697,0.007115239996190836,125122020.77490383,12530657243.114218,975281348.4848486,6974969726.582754,0.0,1.4033640459722219,1.0709088323950333
922,c:\dev\monitor-backend_for_badger\simulations\data_worst_day\data_unified_2020_03_ETHUSDT.csv,1584026608803535.8,19505626969.69697,0.007149508130863209,125122020.77490383,12530657243.114218,975281348.4848486,6974969726.582754,0.0,1.396637615672193,1.0709088323950333
923,c:\dev\monitor-backend_for_badger\simulations\data_worst_day\data_unified_2020_03_ETHUSDT.csv,1584026671030426.0,19505626969.69697,0.0071311540151065955,125122020.77490383,12530657243.114218,975281348.4848486,6974969726.582754,0.0,1.400232272078966,1.0709088323950333
924,c:\dev\monitor-backend_for_badger\simulations\data_worst_day\data_unified_2020_03_ETHUSDT.csv,1584026729433670.0,19505626969.69697,0.007132597228973916,125122020.77490383,12530657243.114218,975281348.4848486,6974969726.582754,0.0,1.3999489482675043,1.0709088323950333
925,c:\dev\monitor-backend_for_badger\simulations\data_worst_day\data_unified_2020_03_ETHUSDT.csv,1584026792943942.0,19505626969.69697,0.007156274362238946,125122020.77490383,12530657243.114218,975281348.4848486,6974969726.582754,0.0,1.395317099887393,1.0709088323950333
926,c:\dev\monitor-backend_for_badger\simulations\data_worst_day\data_unified_2020_03_ETHUSDT.csv,1584026849031369.0,19505626969.69697,0.007182504292475576,125122020.77490383,12530657243.114218,975281348.4848486,6974969726.582754,0.0,1.39022151362699,1.0709088323950333
927,c:\dev\monitor-backend_for_badger\simulations\data_worst_day\data_unified_2020_03_ETHUSDT.csv,1584026909801146.5,19505626969.69697,0.007185092870924274,125122020.77490383,12530657243.114218,975281348.4848486,6974969726.582754,0.0,1.3897206575470842,1.0709088323950333
928,c:\dev\monitor-backend_for_badger\simulations\data_worst_day\data_unified_2020_03_ETHUSDT.csv,1584026969545008.0,19505626969.69697,0.007173451992585951,125122020.77490383,12530657243.114218,975281348.4848486,6974969726.582754,0.0,1.391975857570097,1.0709088323950333
929,c:\dev\monitor-backend_for_badger\simulations\data_worst_day\data_unified_2020_03_ETHUSDT.csv,1584027032991584.8,19505626969.69697,0.0072098636192945405,125122020.77490383,12530657243.114218,975281348.4848486,6974969726.582754,0.0,1.3849460289922617,1.0709088323950333
930,c:\dev\monitor-backend_for_badger\simulations\data_worst_day\data_unified_2020_03_ETHUSDT.csv,1584027091691004.2,19505626969.69697,0.007215275557717461,125122020.77490383,12530657243.114218,975281348.4848486,6974969726.582754,0.0,1.3839072269994592,1.0709088323950333
931,c:\dev\monitor-backend_for_badger\simulations\data_worst_day\data_unified_2020_03_ETHUSDT.csv,1584027158879843.2,19505626969.69697,0.007208675886384242,125122020.77490383,12530657243.114218,975281348.4848486,6974969726.582754,0.0,1.3851742187463227,1.0709088323950333
932,c:\dev\monitor-backend_for_badger\simulations\data_worst_day\data_unified_2020_03_ETHUSDT.csv,1584027209258688.0,19505626969.69697,0.007182612419672409,125122020.77490383,12530657243.114218,975281348.4848486,6974969726.582754,0.0,1.390200585203394,1.0709088323950333
933,c:\dev\monitor-backend_for_badger\simulations\data_worst_day\data_unified_2020_03_ETHUSDT.csv,1584027272939286.5,19505626969.69697,0.007161659918500622,125122020.77490383,12530657243.114218,975281348.4848486,6974969726.582754,0.0,1.3942678237656785,1.0709088323950333
934,c:\dev\monitor-backend_for_badger\simulations\data_worst_day\data_unified_2020_03_ETHUSDT.csv,1584027328437470.0,19505626969.69697,0.00719844047772473,125122020.77490383,12530657243.114218,975281348.4848486,6974969726.582754,0.0,1.3871437876046555,1.0709088323950333
935,c:\dev\monitor-backend_for_badger\simulations\data_worst_day\data_unified_2020_03_ETHUSDT.csv,1584027392175990.0,19505626969.69697,0.007205491729216349,125122020.77490383,12530657243.114218,975281348.4848486,6974969726.582754,0.0,1.3857863369171781,1.0709088323950333
936,c:\dev\monitor-backend_for_badger\simulations\data_worst_day\data_unified_2020_03_ETHUSDT.csv,1584027450306826.2,19505626969.69697,0.007213665628442408,125122020.77490383,12530657243.114218,975281348.4848486,6974969726.582754,0.0,1.3842160842259323,1.0709088323950333
937,c:\dev\monitor-backend_for_badger\simulations\data_worst_day\data_unified_2020_03_ETHUSDT.csv,1584027510428546.5,19505626969.69697,0.007199965616950889,125122020.77490383,12530657243.114218,975281348.4848486,6974969726.582754,0.0,1.3868499546177566,1.0709088323950333
938,c:\dev\monitor-backend_for_badger\simulations\data_worst_day\data_unified_2020_03_ETHUSDT.csv,1584027568928713.5,19505626969.69697,0.007181399800864223,125122020.77490383,12530657243.114218,975281348.4848486,6974969726.582754,0.0,1.3904353282094257,1.0709088323950333
939,c:\dev\monitor-backend_for_badger\simulations\data_worst_day\data_unified_2020_03_ETHUSDT.csv,1584027629793458.0,19505626969.69697,0.007186919780840431,125122020.77490383,12530657243.114218,975281348.4848486,6974969726.582754,0.0,1.3893673915405913,1.0709088323950333
940,c:\dev\monitor-backend_for_badger\simulations\data_worst_day\data_unified_2020_03_ETHUSDT.csv,1584027688306525.8,19505626969.69697,0.007158339404863469,125122020.77490383,12530657243.114218,975281348.4848486,6974969726.582754,0.0,1.3949145778605614,1.0709088323950333
941,c:\dev\monitor-backend_for_badger\simulations\data_worst_day\data_unified_2020_03_ETHUSDT.csv,1584027749745473.5,19505626969.69697,0.007156107265607664,125122020.77490383,12530657243.114218,975281348.4848486,6974969726.582754,0.0,1.3953496808393415,1.0709088323950333
942,c:\dev\monitor-backend_for_badger\simulations\data_worst_day\data_unified_2020_03_ETHUSDT.csv,1584027812192931.8,19505626969.69697,0.007156652142878503,125122020.77490383,12530657243.114218,975281348.4848486,6974969726.582754,0.0,1.395243444807356,1.0709088323950333
943,c:\dev\monitor-backend_for_badger\simulations\data_worst_day\data_unified_2020_03_ETHUSDT.csv,1584027868994078.0,19505626969.69697,0.00710271222111427,125122020.77490383,12530657243.114218,975281348.4848486,6974969726.582754,0.0,1.4058393017014654,1.0709088323950333
944,c:\dev\monitor-backend_for_badger\simulations\data_worst_day\data_unified_2020_03_ETHUSDT.csv,1584027929294871.0,19505626969.69697,0.007105511279327711,125122020.77490383,12530657243.114218,975281348.4848486,6974969726.582754,0.0,1.4052855025602755,1.0709088323950333
945,c:\dev\monitor-backend_for_badger\simulations\data_worst_day\data_unified_2020_03_ETHUSDT.csv,1584027992761292.0,19505626969.69697,0.007129269300212195,125122020.77490383,12530657243.114218,975281348.4848486,6974969726.582754,0.0,1.4006024416584388,1.0709088323950333
946,c:\dev\monitor-backend_for_badger\simulations\data_worst_day\data_unified_2020_03_ETHUSDT.csv,1584028049794661.0,19505626969.69697,0.007126981286748676,125122020.77490383,12530657243.114218,975281348.4848486,6974969726.582754,0.0,1.4010520846579944,1.0709088323950333
947,c:\dev\monitor-backend_for_badger\simulations\data_worst_day\data_unified_2020_03_ETHUSDT.csv,1584028109347800.2,19505626969.69697,0.0071117853839836225,125122020.77490383,12530657243.114218,975281348.4848486,6974969726.582754,0.0,1.4040457423821415,1.0709088323950333
948,c:\dev\monitor-backend_for_badger\simulations\data_worst_day\data_unified_2020_03_ETHUSDT.csv,1584028166554533.5,19505626969.69697,0.00710690260402465,125122020.77490383,12530657243.114218,975281348.4848486,6974969726.582754,0.0,1.4050103885570453,1.0709088323950333
949,c:\dev\monitor-backend_for_badger\simulations\data_worst_day\data_unified_2020_03_ETHUSDT.csv,1584028231928076.5,19505626969.69697,0.007142282920250515,125122020.77490383,12530657243.114218,975281348.4848486,6974969726.582754,0.0,1.3980504693823463,1.0709088323950333
950,c:\dev\monitor-backend_for_badger\simulations\data_worst_day\data_unified_2020_03_ETHUSDT.csv,1584028290586524.8,19505626969.69697,0.007150636555625017,125122020.77490383,12530657243.114218,975281348.4848486,6974969726.582754,0.0,1.396417215648148,1.0709088323950333
951,c:\dev\monitor-backend_for_badger\simulations\data_worst_day\data_unified_2020_03_ETHUSDT.csv,1584028349816993.2,19505626969.69697,0.007163574716182698,125122020.77490383,12530657243.114218,975281348.4848486,6974969726.582754,0.0,1.3938951410056162,1.0709088323950333
952,c:\dev\monitor-backend_for_badger\simulations\data_worst_day\data_unified_2020_03_ETHUSDT.csv,1584028412013195.0,19505626969.69697,0.007165937619962209,125122020.77490383,12530657243.114218,975281348.4848486,6974969726.582754,0.0,1.393435516561252,1.0709088323950333
953,c:\dev\monitor-backend_for_badger\simulations\data_worst_day\data_unified_2020_03_ETHUSDT.csv,1584028475624234.8,19505626969.69697,0.007137043439690736,125122020.77490383,12530657243.114218,975281348.4848486,6974969726.582754,0.0,1.3990768128980917,1.0709088323950333
954,c:\dev\monitor-backend_for_badger\simulations\data_worst_day\data_unified_2020_03_ETHUSDT.csv,1584028530545248.8,19505626969.69697,0.007134954293402599,125122020.77490383,12530657243.114218,975281348.4848486,6974969726.582754,0.0,1.3994864687992077,1.0709088323950333
955,c:\dev\monitor-backend_for_badger\simulations\data_worst_day\data_unified_2020_03_ETHUSDT.csv,1584028590048448.2,19505626969.69697,0.007140536271543652,125122020.77490383,12530657243.114218,975281348.4848486,6974969726.582754,0.0,1.3983924469245945,1.0709088323950333
956,c:\dev\monitor-backend_for_badger\simulations\data_worst_day\data_unified_2020_03_ETHUSDT.csv,1584028649653276.0,19505626969.69697,0.007112933467872177,125122020.77490383,12530657243.114218,975281348.4848486,6974969726.582754,0.0,1.4038191182610382,1.0709088323950333
957,c:\dev\monitor-backend_for_badger\simulations\data_worst_day\data_unified_2020_03_ETHUSDT.csv,1584028713820253.2,19505626969.69697,0.0071049179170761985,125122020.77490383,12530657243.114218,975281348.4848486,6974969726.582754,0.0,1.4054028639963327,1.0709088323950333
958,c:\dev\monitor-backend_for_badger\simulations\data_worst_day\data_unified_2020_03_ETHUSDT.csv,1584028770800407.2,19505626969.69697,0.007096769922873014,125122020.77490383,12530657243.114218,975281348.4848486,6974969726.582754,0.0,1.407016445176705,1.0709088323950333
959,c:\dev\monitor-backend_for_badger\simulations\data_worst_day\data_unified_2020_03_ETHUSDT.csv,1584028830162342.0,19505626969.69697,0.007106792252617776,125122020.77490383,12530657243.114218,975281348.4848486,6974969726.582754,0.0,1.4050322049923,1.0709088323950333
960,c:\dev\monitor-backend_for_badger\simulations\data_worst_day\data_unified_2020_03_ETHUSDT.csv,1584028888910604.2,19505626969.69697,0.007080783824973062,125122020.77490383,12530657243.114218,975281348.4848486,6974969726.582754,0.0,1.4101930288989917,1.0709088323950333
961,c:\dev\monitor-backend_for_badger\simulations\data_worst_day\data_unified_2020_03_ETHUSDT.csv,1584028945238441.5,19505626969.69697,0.00705249813257085,125122020.77490383,12530657243.114218,975281348.4848486,6974969726.582754,0.0,1.4158489376980257,1.0709088323950333
962,c:\dev\monitor-backend_for_badger\simulations\data_worst_day\data_unified_2020_03_ETHUSDT.csv,1584029012314342.0,19505626969.69697,0.0070458526321497735,125122020.77490383,12530657243.114218,975281348.4848486,6974969726.582754,0.0,1.4171843367196746,1.0709088323950333
963,c:\dev\monitor-backend_for_badger\simulations\data_worst_day\data_unified_2020_03_ETHUSDT.csv,1584029068385232.8,19505626969.69697,0.007104820574929385,125122020.77490383,12530657243.114218,975281348.4848486,6974969726.582754,0.0,1.4054221192231857,1.0709088323950333
964,c:\dev\monitor-backend_for_badger\simulations\data_worst_day\data_unified_2020_03_ETHUSDT.csv,1584029129609195.0,19505626969.69697,0.00722054724591562,125122020.77490383,12530657243.114218,975281348.4848486,6974969726.582754,0.0,1.3828968427242165,1.0709088323950333
965,c:\dev\monitor-backend_for_badger\simulations\data_worst_day\data_unified_2020_03_ETHUSDT.csv,1584029190060606.5,19505626969.69697,0.007201468213570417,125122020.77490383,12530657243.114218,975281348.4848486,6974969726.582754,0.0,1.3865605863956385,1.0709088323950333
966,c:\dev\monitor-backend_for_badger\simulations\data_worst_day\data_unified_2020_03_ETHUSDT.csv,1584029246977712.8,19505626969.69697,0.007216932945129661,125122020.77490383,12530657243.114218,975281348.4848486,6974969726.582754,0.0,1.383589409107133,1.0709088323950333
967,c:\dev\monitor-backend_for_badger\simulations\data_worst_day\data_unified_2020_03_ETHUSDT.csv,1584029309434499.5,19505626969.69697,0.007210457839429439,125122020.77490383,12530657243.114218,975281348.4848486,6974969726.582754,0.0,1.3848318943791065,1.0709088323950333
968,c:\dev\monitor-backend_for_badger\simulations\data_worst_day\data_unified_2020_03_ETHUSDT.csv,1584029375438696.0,19505626969.69697,0.007233834030365317,125122020.77490383,12530657243.114218,975281348.4848486,6974969726.582754,0.0,1.3803567993408168,1.0709088323950333
969,c:\dev\monitor-backend_for_badger\simulations\data_worst_day\data_unified_2020_03_ETHUSDT.csv,1584029431182007.2,19505626969.69697,0.007354465850452381,125122020.77490383,12530657243.114218,975281348.4848486,6974969726.582754,0.0,1.357715460532534,1.0709088323950333
970,c:\dev\monitor-backend_for_badger\simulations\data_worst_day\data_unified_2020_03_ETHUSDT.csv,1584029490864002.0,19505626969.69697,0.007271637434224219,125122020.77490383,12530657243.114218,975281348.4848486,6974969726.582754,0.0,1.3731806734645091,1.0709088323950333
971,c:\dev\monitor-backend_for_badger\simulations\data_worst_day\data_unified_2020_03_ETHUSDT.csv,1584029551327316.0,19505626969.69697,0.007292862448511011,125122020.77490383,12530657243.114218,975281348.4848486,6974969726.582754,0.0,1.3691841933967162,1.0709088323950333
972,c:\dev\monitor-backend_for_badger\simulations\data_worst_day\data_unified_2020_03_ETHUSDT.csv,1584029610102137.0,19505626969.69697,0.007311661804220833,125122020.77490383,12530657243.114218,975281348.4848486,6974969726.582754,0.0,1.3656638198656166,1.0709088323950333
973,c:\dev\monitor-backend_for_badger\simulations\data_worst_day\data_unified_2020_03_ETHUSDT.csv,1584029670234008.2,19505626969.69697,0.007308678871428836,125122020.77490383,12530657243.114218,975281348.4848486,6974969726.582754,0.0,1.3662211960293233,1.0709088323950333
974,c:\dev\monitor-backend_for_badger\simulations\data_worst_day\data_unified_2020_03_ETHUSDT.csv,1584029731598646.5,19505626969.69697,0.007332207456727937,125122020.77490383,12530657243.114218,975281348.4848486,6974969726.582754,0.0,1.3618370794944425,1.0709088323950333
975,c:\dev\monitor-backend_for_badger\simulations\data_worst_day\data_unified_2020_03_ETHUSDT.csv,1584029789648946.8,19505626969.69697,0.007345462951006023,125122020.77490383,12530657243.114218,975281348.4848486,6974969726.582754,0.0,1.3593795320620576,1.0709088323950333
976,c:\dev\monitor-backend_for_badger\simulations\data_worst_day\data_unified_2020_03_ETHUSDT.csv,1584029850986900.0,19505626969.69697,0.007290517763341841,125122020.77490383,12530657243.114218,975281348.4848486,6974969726.582754,0.0,1.3696245332979864,1.0709088323950333
977,c:\dev\monitor-backend_for_badger\simulations\data_worst_day\data_unified_2020_03_ETHUSDT.csv,1584029910394985.2,19505626969.69697,0.007260440476550222,125122020.77490383,12530657243.114218,975281348.4848486,6974969726.582754,0.0,1.37529837499091,1.0709088323950333
978,c:\dev\monitor-backend_for_badger\simulations\data_worst_day\data_unified_2020_03_ETHUSDT.csv,1584029971095755.2,19505626969.69697,0.007286433436585785,125122020.77490383,12530657243.114218,975281348.4848486,6974969726.582754,0.0,1.3703922606334222,1.0709088323950333
979,c:\dev\monitor-backend_for_badger\simulations\data_worst_day\data_unified_2020_03_ETHUSDT.csv,1584030033631630.0,19505626969.69697,0.007267415151763425,125122020.77490383,12530657243.114218,975281348.4848486,6974969726.582754,0.0,1.373978475234739,1.0709088323950333
980,c:\dev\monitor-backend_for_badger\simulations\data_worst_day\data_unified_2020_03_ETHUSDT.csv,1584030092956503.5,19505626969.69697,0.007239473001729236,125122020.77490383,12530657243.114218,975281348.4848486,6974969726.582754,0.0,1.3792816116218192,1.0709088323950333
981,c:\dev\monitor-backend_for_badger\simulations\data_worst_day\data_unified_2020_03_ETHUSDT.csv,1584030144561553.0,19505626969.69697,0.007220955320249002,125122020.77490383,12530657243.114218,975281348.4848486,6974969726.582754,0.0,1.3828186917480365,1.0709088323950333
982,c:\dev\monitor-backend_for_badger\simulations\data_worst_day\data_unified_2020_03_ETHUSDT.csv,1584030211668824.5,19505626969.69697,0.007241146207095227,125122020.77490383,12530657243.114218,975281348.4848486,6974969726.582754,0.0,1.3789629022175653,1.0709088323950333
983,c:\dev\monitor-backend_for_badger\simulations\data_worst_day\data_unified_2020_03_ETHUSDT.csv,1584030267348382.8,19505626969.69697,0.007245851957885723,125122020.77490383,12530657243.114218,975281348.4848486,6974969726.582754,0.0,1.3780673476568468,1.0709088323950333
984,c:\dev\monitor-backend_for_badger\simulations\data_worst_day\data_unified_2020_03_ETHUSDT.csv,1584030336276070.0,19505626969.69697,0.007245900222300281,125122020.77490383,12530657243.114218,975281348.4848486,6974969726.582754,0.0,1.3780581684504383,1.0709088323950333
985,c:\dev\monitor-backend_for_badger\simulations\data_worst_day\data_unified_2020_03_ETHUSDT.csv,1584030391411995.8,19505626969.69697,0.007273645328681755,125122020.77490383,12530657243.114218,975281348.4848486,6974969726.582754,0.0,1.3728016060589854,1.0709088323950333
986,c:\dev\monitor-backend_for_badger\simulations\data_worst_day\data_unified_2020_03_ETHUSDT.csv,1584030449250863.2,19505626969.69697,0.007285399480935246,125122020.77490383,12530657243.114218,975281348.4848486,6974969726.582754,0.0,1.3705867489144072,1.0709088323950333
987,c:\dev\monitor-backend_for_badger\simulations\data_worst_day\data_unified_2020_03_ETHUSDT.csv,1584030509506582.8,19505626969.69697,0.007292387732820488,125122020.77490383,12530657243.114218,975281348.4848486,6974969726.582754,0.0,1.3692733237671293,1.0709088323950333
988,c:\dev\monitor-backend_for_badger\simulations\data_worst_day\data_unified_2020_03_ETHUSDT.csv,1584030569128508.8,19505626969.69697,0.00728146715244744,125122020.77490383,12530657243.114218,975281348.4848486,6974969726.582754,0.0,1.3713269290463679,1.0709088323950333
989,c:\dev\monitor-backend_for_badger\simulations\data_worst_day\data_unified_2020_03_ETHUSDT.csv,1584030628206948.2,19505626969.69697,0.007284266358491614,125122020.77490383,12530657243.114218,975281348.4848486,6974969726.582754,0.0,1.3707999539963889,1.0709088323950333
990,c:\dev\monitor-backend_for_badger\simulations\data_worst_day\data_unified_2020_03_ETHUSDT.csv,1584030692240681.0,19505626969.69697,0.0072974049803947744,125122020.77490383,12530657243.114218,975281348.4848486,6974969726.582754,0.0,1.368331895508637,1.0709088323950333
991,c:\dev\monitor-backend_for_badger\simulations\data_worst_day\data_unified_2020_03_ETHUSDT.csv,1584030750632309.0,19505626969.69697,0.0073099535055403,125122020.77490383,12530657243.114218,975281348.4848486,6974969726.582754,0.0,1.365982968503123,1.0709088323950333
992,c:\dev\monitor-backend_for_badger\simulations\data_worst_day\data_unified_2020_03_ETHUSDT.csv,1584030807264338.2,19505626969.69697,0.007326270834228793,125122020.77490383,12530657243.114218,975281348.4848486,6974969726.582754,0.0,1.3629406030781632,1.0709088323950333
993,c:\dev\monitor-backend_for_badger\simulations\data_worst_day\data_unified_2020_03_ETHUSDT.csv,1584030871778373.0,19505626969.69697,0.007340504649522641,125122020.77490383,12530657243.114218,975281348.4848486,6974969726.582754,0.0,1.360297754156058,1.0709088323950333
994,c:\dev\monitor-backend_for_badger\simulations\data_worst_day\data_unified_2020_03_ETHUSDT.csv,1584030935675716.8,19505626969.69697,0.007295875046086447,125122020.77490383,12530657243.114218,975281348.4848486,6974969726.582754,0.0,1.3686188327024478,1.0709088323950333
995,c:\dev\monitor-backend_for_badger\simulations\data_worst_day\data_unified_2020_03_ETHUSDT.csv,1584030990061265.5,19505626969.69697,0.007262579188835065,125122020.77490383,12530657243.114218,975281348.4848486,6974969726.582754,0.0,1.3748933718297136,1.0709088323950333
996,c:\dev\monitor-backend_for_badger\simulations\data_worst_day\data_unified_2020_03_ETHUSDT.csv,1584031046721757.8,19505626969.69697,0.0072630795153017435,125122020.77490383,12530657243.114218,975281348.4848486,6974969726.582754,0.0,1.3747986605517581,1.0709088323950333
997,c:\dev\monitor-backend_for_badger\simulations\data_worst_day\data_unified_2020_03_ETHUSDT.csv,1584031108928690.2,19505626969.69697,0.007255597679704332,125122020.77490383,12530657243.114218,975281348.4848486,6974969726.582754,0.0,1.3762163270227867,1.0709088323950333
998,c:\dev\monitor-backend_for_badger\simulations\data_worst_day\data_unified_2020_03_ETHUSDT.csv,1584031168520197.5,19505626969.69697,0.007231867947334179,125122020.77490383,12530657243.114218,975281348.4848486,6974969726.582754,0.0,1.3807320683722568,1.0709088323950333
999,c:\dev\monitor-backend_for_badger\simulations\data_worst_day\data_unified_2020_03_ETHUSDT.csv,1584031230047771.2,19505626969.69697,0.007221735564781315,125122020.77490383,12530657243.114218,975281348.4848486,6974969726.582754,0.0,1.3826692904422508,1.0709088323950333
1000,c:\dev\monitor-backend_for_badger\simulations\data_worst_day\data_unified_2020_03_ETHUSDT.csv,1584031288562776.0,19505626969.69697,0.007242233748692817,125122020.77490383,12530657243.114218,975281348.4848486,6974969726.582754,0.0,1.3787558280509842,1.0709088323950333
1001,c:\dev\monitor-backend_for_badger\simulations\data_worst_day\data_unified_2020_03_ETHUSDT.csv,1584031349458858.2,19505626969.69697,0.0072562861705161245,125122020.77490383,12530657243.114218,975281348.4848486,6974969726.582754,0.0,1.3760857488904021,1.0709088323950333
1002,c:\dev\monitor-backend_for_badger\simulations\data_worst_day\data_unified_2020_03_ETHUSDT.csv,1584031410876452.2,19505626969.69697,0.007252259086045618,125122020.77490383,12530657243.114218,975281348.4848486,6974969726.582754,0.0,1.376849871280914,1.0709088323950333
1003,c:\dev\monitor-backend_for_badger\simulations\data_worst_day\data_unified_2020_03_ETHUSDT.csv,1584031471240031.8,19505626969.69697,0.007242103955333861,125122020.77490383,12530657243.114218,975281348.4848486,6974969726.582754,0.0,1.378780538183731,1.0709088323950333
1004,c:\dev\monitor-backend_for_badger\simulations\data_worst_day\data_unified_2020_03_ETHUSDT.csv,1584031530572409.8,19505626969.69697,0.007249859061604488,125122020.77490383,12530657243.114218,975281348.4848486,6974969726.582754,0.0,1.3773056695681307,1.0709088323950333
1005,c:\dev\monitor-backend_for_badger\simulations\data_worst_day\data_unified_2020_03_ETHUSDT.csv,1584031586905090.8,19505626969.69697,0.007257878505130462,125122020.77490383,12530657243.114218,975281348.4848486,6974969726.582754,0.0,1.3757838440061156,1.0709088323950333
1006,c:\dev\monitor-backend_for_badger\simulations\data_worst_day\data_unified_2020_03_ETHUSDT.csv,1584031650615382.5,19505626969.69697,0.0072840179779205426,125122020.77490383,12530657243.114218,975281348.4848486,6974969726.582754,0.0,1.3708466974388724,1.0709088323950333
1007,c:\dev\monitor-backend_for_badger\simulations\data_worst_day\data_unified_2020_03_ETHUSDT.csv,1584031710735079.8,19505626969.69697,0.007308886041338207,125122020.77490383,12530657243.114218,975281348.4848486,6974969726.582754,0.0,1.3661824705765304,1.0709088323950333
1008,c:\dev\monitor-backend_for_badger\simulations\data_worst_day\data_unified_2020_03_ETHUSDT.csv,1584031770953746.0,19505626969.69697,0.007342341947857432,125122020.77490383,12530657243.114218,975281348.4848486,6974969726.582754,0.0,1.3599573623823866,1.0709088323950333
1009,c:\dev\monitor-backend_for_badger\simulations\data_worst_day\data_unified_2020_03_ETHUSDT.csv,1584031827110922.0,19505626969.69697,0.0073276119160160715,125122020.77490383,12530657243.114218,975281348.4848486,6974969726.582754,0.0,1.3626911609896795,1.0709088323950333
1010,c:\dev\monitor-backend_for_badger\simulations\data_worst_day\data_unified_2020_03_ETHUSDT.csv,1584031890974959.8,19505626969.69697,0.007334855742547475,125122020.77490383,12530657243.114218,975281348.4848486,6974969726.582754,0.0,1.3613453815043615,1.0709088323950333
1011,c:\dev\monitor-backend_for_badger\simulations\data_worst_day\data_unified_2020_03_ETHUSDT.csv,1584031946379324.5,19505626969.69697,0.007331442973248805,125122020.77490383,12530657243.114218,975281348.4848486,6974969726.582754,0.0,1.361979084547519,1.0709088323950333
1012,c:\dev\monitor-backend_for_badger\simulations\data_worst_day\data_unified_2020_03_ETHUSDT.csv,1584032011981706.5,19505626969.69697,0.007289011861547459,125122020.77490383,12530657243.114218,975281348.4848486,6974969726.582754,0.0,1.369907496212782,1.0709088323950333
1013,c:\dev\monitor-backend_for_badger\simulations\data_worst_day\data_unified_2020_03_ETHUSDT.csv,1584032069651838.5,19505626969.69697,0.007263748592858665,125122020.77490383,12530657243.114218,975281348.4848486,6974969726.582754,0.0,1.374672025259071,1.0709088323950333
1014,c:\dev\monitor-backend_for_badger\simulations\data_worst_day\data_unified_2020_03_ETHUSDT.csv,1584032128774974.2,19505626969.69697,0.0072800888263858665,125122020.77490383,12530657243.114218,975281348.4848486,6974969726.582754,0.0,1.3715865598957047,1.0709088323950333
1015,c:\dev\monitor-backend_for_badger\simulations\data_worst_day\data_unified_2020_03_ETHUSDT.csv,1584032189735928.8,19505626969.69697,0.007256431832073083,125122020.77490383,12530657243.114218,975281348.4848486,6974969726.582754,0.0,1.3760581261141767,1.0709088323950333
1016,c:\dev\monitor-backend_for_badger\simulations\data_worst_day\data_unified_2020_03_ETHUSDT.csv,1584032246584896.2,19505626969.69697,0.0072638820099670915,125122020.77490383,12530657243.114218,975281348.4848486,6974969726.582754,0.0,1.374646776395393,1.0709088323950333
1017,c:\dev\monitor-backend_for_badger\simulations\data_worst_day\data_unified_2020_03_ETHUSDT.csv,1584032308582328.5,19505626969.69697,0.007253806936063106,125122020.77490383,12530657243.114218,975281348.4848486,6974969726.582754,0.0,1.376556072849811,1.0709088323950333
1018,c:\dev\monitor-backend_for_badger\simulations\data_worst_day\data_unified_2020_03_ETHUSDT.csv,1584032371989559.2,19505626969.69697,0.00720547721202245,125122020.77490383,12530657243.114218,975281348.4848486,6974969726.582754,0.0,1.385789128922255,1.0709088323950333
1019,c:\dev\monitor-backend_for_badger\simulations\data_worst_day\data_unified_2020_03_ETHUSDT.csv,1584032430658962.0,19505626969.69697,0.007173353921569573,125122020.77490383,12530657243.114218,975281348.4848486,6974969726.582754,0.0,1.3919948880666564,1.0709088323950333
1020,c:\dev\monitor-backend_for_badger\simulations\data_worst_day\data_unified_2020_03_ETHUSDT.csv,1584032493599822.5,19505626969.69697,0.007181232587814311,125122020.77490383,12530657243.114218,975281348.4848486,6974969726.582754,0.0,1.3904677041183091,1.0709088323950333
1021,c:\dev\monitor-backend_for_badger\simulations\data_worst_day\data_unified_2020_03_ETHUSDT.csv,1584032547068848.0,19505626969.69697,0.00719964368291941,125122020.77490383,12530657243.114218,975281348.4848486,6974969726.582754,0.0,1.386911967991836,1.0709088323950333
1022,c:\dev\monitor-backend_for_badger\simulations\data_worst_day\data_unified_2020_03_ETHUSDT.csv,1584032610142873.8,19505626969.69697,0.007187003630242919,125122020.77490383,12530657243.114218,975281348.4848486,6974969726.582754,0.0,1.389351182055859,1.0709088323950333
1023,c:\dev\monitor-backend_for_badger\simulations\data_worst_day\data_unified_2020_03_ETHUSDT.csv,1584032671459307.8,19505626969.69697,0.007132182323017426,125122020.77490383,12530657243.114218,975281348.4848486,6974969726.582754,0.0,1.4000303885800358,1.0709088323950333
1024,c:\dev\monitor-backend_for_badger\simulations\data_worst_day\data_unified_2020_03_ETHUSDT.csv,1584032731554654.0,19505626969.69697,0.007075457069071987,125122020.77490383,12530657243.114218,975281348.4848486,6974969726.582754,0.0,1.4112546923314753,1.0709088323950333
1025,c:\dev\monitor-backend_for_badger\simulations\data_worst_day\data_unified_2020_03_ETHUSDT.csv,1584032789738540.8,19505626969.69697,0.007034483585812439,125122020.77490383,12530657243.114218,975281348.4848486,6974969726.582754,0.0,1.4194747727120487,1.0709088323950333
1026,c:\dev\monitor-backend_for_badger\simulations\data_worst_day\data_unified_2020_03_ETHUSDT.csv,1584032851818080.5,19505626969.69697,0.00693668365026729,125122020.77490383,12530657243.114218,975281348.4848486,6974969726.582754,0.0,1.4394878723830786,1.0709088323950333
1027,c:\dev\monitor-backend_for_badger\simulations\data_worst_day\data_unified_2020_03_ETHUSDT.csv,1584032908323267.2,19505626969.69697,0.0069741174450749,125122020.77490383,12530657243.114218,975281348.4848486,6974969726.582754,0.0,1.431761375938588,1.0709088323950333
1028,c:\dev\monitor-backend_for_badger\simulations\data_worst_day\data_unified_2020_03_ETHUSDT.csv,1584032970892429.0,19505626969.69697,0.0069688538838991185,125122020.77490383,12530657243.114218,975281348.4848486,6974969726.582754,0.0,1.4328427823960812,1.0709088323950333
1029,c:\dev\monitor-backend_for_badger\simulations\data_worst_day\data_unified_2020_03_ETHUSDT.csv,1584033027903216.8,19505626969.69697,0.006953534455988472,125122020.77490383,12530657243.114218,975281348.4848486,6974969726.582754,0.0,1.4359994981427477,1.0709088323950333
1030,c:\dev\monitor-backend_for_badger\simulations\data_worst_day\data_unified_2020_03_ETHUSDT.csv,1584033085388395.0,19505626969.69697,0.006991794408576731,125122020.77490383,12530657243.114218,975281348.4848486,6974969726.582754,0.0,1.4281415335766974,1.0709088323950333
1031,c:\dev\monitor-backend_for_badger\simulations\data_worst_day\data_unified_2020_03_ETHUSDT.csv,1584033152780528.5,19505626969.69697,0.007028314542865144,125122020.77490383,12530657243.114218,975281348.4848486,6974969726.582754,0.0,1.4207207045470647,1.0709088323950333
1032,c:\dev\monitor-backend_for_badger\simulations\data_worst_day\data_unified_2020_03_ETHUSDT.csv,1584033211797794.0,19505626969.69697,0.007084449520214565,125122020.77490383,12530657243.114218,975281348.4848486,6974969726.582754,0.0,1.4094633550039506,1.0709088323950333
1033,c:\dev\monitor-backend_for_badger\simulations\data_worst_day\data_unified_2020_03_ETHUSDT.csv,1584033266621599.8,19505626969.69697,0.00704144813235751,125122020.77490383,12530657243.114218,975281348.4848486,6974969726.582754,0.0,1.4180708004128453,1.0709088323950333
1034,c:\dev\monitor-backend_for_badger\simulations\data_worst_day\data_unified_2020_03_ETHUSDT.csv,1584033332935174.8,19505626969.69697,0.007014981539342323,125122020.77490383,12530657243.114218,975281348.4848486,6974969726.582754,0.0,1.4234209930727628,1.0709088323950333
1035,c:\dev\monitor-backend_for_badger\simulations\data_worst_day\data_unified_2020_03_ETHUSDT.csv,1584033392001125.8,19505626969.69697,0.007008704644635771,125122020.77490383,12530657243.114218,975281348.4848486,6974969726.582754,0.0,1.4246957883665625,1.0709088323950333
1036,c:\dev\monitor-backend_for_badger\simulations\data_worst_day\data_unified_2020_03_ETHUSDT.csv,1584033449551091.5,19505626969.69697,0.007047324566592234,125122020.77490383,12530657243.114218,975281348.4848486,6974969726.582754,0.0,1.4168883375192938,1.0709088323950333
1037,c:\dev\monitor-backend_for_badger\simulations\data_worst_day\data_unified_2020_03_ETHUSDT.csv,1584033510249900.0,19505626969.69697,0.0070484251888588215,125122020.77490383,12530657243.114218,975281348.4848486,6974969726.582754,0.0,1.416667088259813,1.0709088323950333
1038,c:\dev\monitor-backend_for_badger\simulations\data_worst_day\data_unified_2020_03_ETHUSDT.csv,1584033569117827.2,19505626969.69697,0.007044843579044041,125122020.77490383,12530657243.114218,975281348.4848486,6974969726.582754,0.0,1.4173873240877144,1.0709088323950333
1039,c:\dev\monitor-backend_for_badger\simulations\data_worst_day\data_unified_2020_03_ETHUSDT.csv,1584033630416072.8,19505626969.69697,0.006991924549274151,125122020.77490383,12530657243.114218,975281348.4848486,6974969726.582754,0.0,1.4281149515771512,1.0709088323950333
1040,c:\dev\monitor-backend_for_badger\simulations\data_worst_day\data_unified_2020_03_ETHUSDT.csv,1584033691385411.2,19505626969.69697,0.006985981827717252,125122020.77490383,12530657243.114218,975281348.4848486,6974969726.582754,0.0,1.4293297972091275,1.0709088323950333
1041,c:\dev\monitor-backend_for_badger\simulations\data_worst_day\data_unified_2020_03_ETHUSDT.csv,1584033753139646.2,19505626969.69697,0.006971069573850671,125122020.77490383,12530657243.114218,975281348.4848486,6974969726.582754,0.0,1.4323873665776794,1.0709088323950333
1042,c:\dev\monitor-backend_for_badger\simulations\data_worst_day\data_unified_2020_03_ETHUSDT.csv,1584033812160369.5,19505626969.69697,0.0070102497354030836,125122020.77490383,12530657243.114218,975281348.4848486,6974969726.582754,0.0,1.4243817789671944,1.0709088323950333
1043,c:\dev\monitor-backend_for_badger\simulations\data_worst_day\data_unified_2020_03_ETHUSDT.csv,1584033867893877.0,19505626969.69697,0.007015567782576171,125122020.77490383,12530657243.114218,975281348.4848486,6974969726.582754,0.0,1.4233020474717843,1.0709088323950333
1044,c:\dev\monitor-backend_for_badger\simulations\data_worst_day\data_unified_2020_03_ETHUSDT.csv,1584033931180030.5,19505626969.69697,0.007002913322303149,125122020.77490383,12530657243.114218,975281348.4848486,6974969726.582754,0.0,1.4258739940870422,1.0709088323950333
1045,c:\dev\monitor-backend_for_badger\simulations\data_worst_day\data_unified_2020_03_ETHUSDT.csv,1584033989149552.0,19505626969.69697,0.006993874767838943,125122020.77490383,12530657243.114218,975281348.4848486,6974969726.582754,0.0,1.4277167265039727,1.0709088323950333
1046,c:\dev\monitor-backend_for_badger\simulations\data_worst_day\data_unified_2020_03_ETHUSDT.csv,1584034049755253.5,19505626969.69697,0.007028643300227671,125122020.77490383,12530657243.114218,975281348.4848486,6974969726.582754,0.0,1.4206542518375214,1.0709088323950333
1047,c:\dev\monitor-backend_for_badger\simulations\data_worst_day\data_unified_2020_03_ETHUSDT.csv,1584034111054767.2,19505626969.69697,0.007037477502018234,125122020.77490383,12530657243.114218,975281348.4848486,6974969726.582754,0.0,1.4188708931934966,1.0709088323950333
1048,c:\dev\monitor-backend_for_badger\simulations\data_worst_day\data_unified_2020_03_ETHUSDT.csv,1584034170957966.2,19505626969.69697,0.007010008734693396,125122020.77490383,12530657243.114218,975281348.4848486,6974969726.582754,0.0,1.4244307485238084,1.0709088323950333
1049,c:\dev\monitor-backend_for_badger\simulations\data_worst_day\data_unified_2020_03_ETHUSDT.csv,1584034230266637.0,19505626969.69697,0.006983218298717432,125122020.77490383,12530657243.114218,975281348.4848486,6974969726.582754,0.0,1.429895438175216,1.0709088323950333
1050,c:\dev\monitor-backend_for_badger\simulations\data_worst_day\data_unified_2020_03_ETHUSDT.csv,1584034289818765.2,19505626969.69697,0.0069729285470328676,125122020.77490383,12530657243.114218,975281348.4848486,6974969726.582754,0.0,1.4320054940713107,1.0709088323950333
1051,c:\dev\monitor-backend_for_badger\simulations\data_worst_day\data_unified_2020_03_ETHUSDT.csv,1584034349905518.2,19505626969.69697,0.007001810832604889,125122020.77490383,12530657243.114218,975281348.4848486,6974969726.582754,0.0,1.426098509062822,1.0709088323950333
1052,c:\dev\monitor-backend_for_badger\simulations\data_worst_day\data_unified_2020_03_ETHUSDT.csv,1584034407125138.5,19505626969.69697,0.007019970840849925,125122020.77490383,12530657243.114218,975281348.4848486,6974969726.582754,0.0,1.4224093255505328,1.0709088323950333
1053,c:\dev\monitor-backend_for_badger\simulations\data_worst_day\data_unified_2020_03_ETHUSDT.csv,1584034471118556.8,19505626969.69697,0.007006014201256747,125122020.77490383,12530657243.114218,975281348.4848486,6974969726.582754,0.0,1.4252428987835308,1.0709088323950333
1054,c:\dev\monitor-backend_for_badger\simulations\data_worst_day\data_unified_2020_03_ETHUSDT.csv,1584034532608635.2,19505626969.69697,0.007025178511552434,125122020.77490383,12530657243.114218,975281348.4848486,6974969726.582754,0.0,1.4213549125759068,1.0709088323950333
1055,c:\dev\monitor-backend_for_badger\simulations\data_worst_day\data_unified_2020_03_ETHUSDT.csv,1584034587242343.2,19505626969.69697,0.0070624357702145195,125122020.77490383,12530657243.114218,975281348.4848486,6974969726.582754,0.0,1.413856679763397,1.0709088323950333
1056,c:\dev\monitor-backend_for_badger\simulations\data_worst_day\data_unified_2020_03_ETHUSDT.csv,1584034647474900.8,19505626969.69697,0.007101324931412276,125122020.77490383,12530657243.114218,975281348.4848486,6974969726.582754,0.0,1.406113941491187,1.0709088323950333
1057,c:\dev\monitor-backend_for_badger\simulations\data_worst_day\data_unified_2020_03_ETHUSDT.csv,1584034707238109.5,19505626969.69697,0.007077633490276604,125122020.77490383,12530657243.114218,975281348.4848486,6974969726.582754,0.0,1.4108207217618316,1.0709088323950333
1058,c:\dev\monitor-backend_for_badger\simulations\data_worst_day\data_unified_2020_03_ETHUSDT.csv,1584034772235332.0,19505626969.69697,0.0070939469844426475,125122020.77490383,12530657243.114218,975281348.4848486,6974969726.582754,0.0,1.4075763479789052,1.0709088323950333
1059,c:\dev\monitor-backend_for_badger\simulations\data_worst_day\data_unified_2020_03_ETHUSDT.csv,1584034828812689.2,19505626969.69697,0.007124975547909259,125122020.77490383,12530657243.114218,975281348.4848486,6974969726.582754,0.0,1.4014464922687082,1.0709088323950333
1060,c:\dev\monitor-backend_for_badger\simulations\data_worst_day\data_unified_2020_03_ETHUSDT.csv,1584034888375244.5,19505626969.69697,0.007137734813375899,125122020.77490383,12530657243.114218,975281348.4848486,6974969726.582754,0.0,1.3989412958303873,1.0709088323950333
1061,c:\dev\monitor-backend_for_badger\simulations\data_worst_day\data_unified_2020_03_ETHUSDT.csv,1584034947726026.5,19505626969.69697,0.007128658036148563,125122020.77490383,12530657243.114218,975281348.4848486,6974969726.582754,0.0,1.4007225397099485,1.0709088323950333
1062,c:\dev\monitor-backend_for_badger\simulations\data_worst_day\data_unified_2020_03_ETHUSDT.csv,1584035005799338.8,19505626969.69697,0.0071396872402234865,125122020.77490383,12530657243.114218,975281348.4848486,6974969726.582754,0.0,1.3985587397810426,1.0709088323950333
1063,c:\dev\monitor-backend_for_badger\simulations\data_worst_day\data_unified_2020_03_ETHUSDT.csv,1584035067843300.0,19505626969.69697,0.007126924440625579,125122020.77490383,12530657243.114218,975281348.4848486,6974969726.582754,0.0,1.4010632597981176,1.0709088323950333
1064,c:\dev\monitor-backend_for_badger\simulations\data_worst_day\data_unified_2020_03_ETHUSDT.csv,1584035130561129.2,19505626969.69697,0.007090287788576165,125122020.77490383,12530657243.114218,975281348.4848486,6974969726.582754,0.0,1.4083027779501374,1.0709088323950333
1065,c:\dev\monitor-backend_for_badger\simulations\data_worst_day\data_unified_2020_03_ETHUSDT.csv,1584035192403522.0,19505626969.69697,0.0070971518911859014,125122020.77490383,12530657243.114218,975281348.4848486,6974969726.582754,0.0,1.406940719631302,1.0709088323950333
1066,c:\dev\monitor-backend_for_badger\simulations\data_worst_day\data_unified_2020_03_ETHUSDT.csv,1584035250759656.2,19505626969.69697,0.007071713681176436,125122020.77490383,12530657243.114218,975281348.4848486,6974969726.582754,0.0,1.4120017352649123,1.0709088323950333
1067,c:\dev\monitor-backend_for_badger\simulations\data_worst_day\data_unified_2020_03_ETHUSDT.csv,1584035309050589.8,19505626969.69697,0.007055596916035507,125122020.77490383,12530657243.114218,975281348.4848486,6974969726.582754,0.0,1.4152271038080229,1.0709088323950333
1068,c:\dev\monitor-backend_for_badger\simulations\data_worst_day\data_unified_2020_03_ETHUSDT.csv,1584035365918261.8,19505626969.69697,0.00705175675255111,125122020.77490383,12530657243.114218,975281348.4848486,6974969726.582754,0.0,1.4159977916857927,1.0709088323950333
1069,c:\dev\monitor-backend_for_badger\simulations\data_worst_day\data_unified_2020_03_ETHUSDT.csv,1584035429605917.0,19505626969.69697,0.007028594849750028,125122020.77490383,12530657243.114218,975281348.4848486,6974969726.582754,0.0,1.4206640448869912,1.0709088323950333
1070,c:\dev\monitor-backend_for_badger\simulations\data_worst_day\data_unified_2020_03_ETHUSDT.csv,1584035495962767.8,19505626969.69697,0.0069853588935212315,125122020.77490383,12530657243.114218,975281348.4848486,6974969726.582754,0.0,1.4294572607255545,1.0709088323950333
1071,c:\dev\monitor-backend_for_badger\simulations\data_worst_day\data_unified_2020_03_ETHUSDT.csv,1584035548482821.8,19505626969.69697,0.007007953800383675,125122020.77490383,12530657243.114218,975281348.4848486,6974969726.582754,0.0,1.4248484327295465,1.0709088323950333
1072,c:\dev\monitor-backend_for_badger\simulations\data_worst_day\data_unified_2020_03_ETHUSDT.csv,1584035608321494.2,19505626969.69697,0.007016803060684196,125122020.77490383,12530657243.114218,975281348.4848486,6974969726.582754,0.0,1.4230514812459485,1.0709088323950333
1073,c:\dev\monitor-backend_for_badger\simulations\data_worst_day\data_unified_2020_03_ETHUSDT.csv,1584035666650718.0,19505626969.69697,0.0070506647884719725,125122020.77490383,12530657243.114218,975281348.4848486,6974969726.582754,0.0,1.4162170928114381,1.0709088323950333
1074,c:\dev\monitor-backend_for_badger\simulations\data_worst_day\data_unified_2020_03_ETHUSDT.csv,1584035727501358.0,19505626969.69697,0.007065098692536595,125122020.77490383,12530657243.114218,975281348.4848486,6974969726.582754,0.0,1.4133237798455607,1.0709088323950333
1075,c:\dev\monitor-backend_for_badger\simulations\data_worst_day\data_unified_2020_03_ETHUSDT.csv,1584035789471279.8,19505626969.69697,0.007068459838127243,125122020.77490383,12530657243.114218,975281348.4848486,6974969726.582754,0.0,1.4126517258055613,1.0709088323950333
1076,c:\dev\monitor-backend_for_badger\simulations\data_worst_day\data_unified_2020_03_ETHUSDT.csv,1584035853230857.8,19505626969.69697,0.007059536580093167,125122020.77490383,12530657243.114218,975281348.4848486,6974969726.582754,0.0,1.4144373183467476,1.0709088323950333
1077,c:\dev\monitor-backend_for_badger\simulations\data_worst_day\data_unified_2020_03_ETHUSDT.csv,1584035911056712.2,19505626969.69697,0.007056028085956181,125122020.77490383,12530657243.114218,975281348.4848486,6974969726.582754,0.0,1.4151406240844941,1.0709088323950333
1078,c:\dev\monitor-backend_for_badger\simulations\data_worst_day\data_unified_2020_03_ETHUSDT.csv,1584035970062511.8,19505626969.69697,0.007049643474499345,125122020.77490383,12530657243.114218,975281348.4848486,6974969726.582754,0.0,1.4164222666348227,1.0709088323950333
1079,c:\dev\monitor-backend_for_badger\simulations\data_worst_day\data_unified_2020_03_ETHUSDT.csv,1584036030404680.0,19505626969.69697,0.007044977816384294,125122020.77490383,12530657243.114218,975281348.4848486,6974969726.582754,0.0,1.4173603167202742,1.0709088323950333
1080,c:\dev\monitor-backend_for_badger\simulations\data_worst_day\data_unified_2020_03_ETHUSDT.csv,1584036087469243.0,19505626969.69697,0.007065009983906311,125122020.77490383,12530657243.114218,975281348.4848486,6974969726.582754,0.0,1.4133415256119422,1.0709088323950333
1081,c:\dev\monitor-backend_for_badger\simulations\data_worst_day\data_unified_2020_03_ETHUSDT.csv,1584036148911315.0,19505626969.69697,0.007080998069986813,125122020.77490383,12530657243.114218,975281348.4848486,6974969726.582754,0.0,1.4101503616334619,1.0709088323950333
1082,c:\dev\monitor-backend_for_badger\simulations\data_worst_day\data_unified_2020_03_ETHUSDT.csv,1584036205888518.2,19505626969.69697,0.0070712607681944145,125122020.77490383,12530657243.114218,975281348.4848486,6974969726.582754,0.0,1.4120921737224241,1.0709088323950333
1083,c:\dev\monitor-backend_for_badger\simulations\data_worst_day\data_unified_2020_03_ETHUSDT.csv,1584036271092269.8,19505626969.69697,0.007054127962137186,125122020.77490383,12530657243.114218,975281348.4848486,6974969726.582754,0.0,1.4155218111598469,1.0709088323950333
1084,c:\dev\monitor-backend_for_badger\simulations\data_worst_day\data_unified_2020_03_ETHUSDT.csv,1584036335994248.5,19505626969.69697,0.007050896839079504,125122020.77490383,12530657243.114218,975281348.4848486,6974969726.582754,0.0,1.4161704839836131,1.0709088323950333
1085,c:\dev\monitor-backend_for_badger\simulations\data_worst_day\data_unified_2020_03_ETHUSDT.csv,1584036388872632.2,19505626969.69697,0.007015157702886204,125122020.77490383,12530657243.114218,975281348.4848486,6974969726.582754,0.0,1.4233852483472422,1.0709088323950333
1086,c:\dev\monitor-backend_for_badger\simulations\data_worst_day\data_unified_2020_03_ETHUSDT.csv,1584036448510019.5,19505626969.69697,0.007023836573397274,125122020.77490383,12530657243.114218,975281348.4848486,6974969726.582754,0.0,1.4216264693482317,1.0709088323950333
1087,c:\dev\monitor-backend_for_badger\simulations\data_worst_day\data_unified_2020_03_ETHUSDT.csv,1584036509362024.0,19505626969.69697,0.007019678618355433,125122020.77490383,12530657243.114218,975281348.4848486,6974969726.582754,0.0,1.4224685390877756,1.0709088323950333
1088,c:\dev\monitor-backend_for_badger\simulations\data_worst_day\data_unified_2020_03_ETHUSDT.csv,1584036571970272.0,19505626969.69697,0.007040006997434083,125122020.77490383,12530657243.114218,975281348.4848486,6974969726.582754,0.0,1.4183610886689666,1.0709088323950333
1089,c:\dev\monitor-backend_for_badger\simulations\data_worst_day\data_unified_2020_03_ETHUSDT.csv,1584036630928030.2,19505626969.69697,0.007045263520752264,125122020.77490383,12530657243.114218,975281348.4848486,6974969726.582754,0.0,1.417302838950666,1.0709088323950333
1090,c:\dev\monitor-backend_for_badger\simulations\data_worst_day\data_unified_2020_03_ETHUSDT.csv,1584036684768470.8,19505626969.69697,0.007055324936564206,125122020.77490383,12530657243.114218,975281348.4848486,6974969726.582754,0.0,1.4152816601499243,1.0709088323950333
1091,c:\dev\monitor-backend_for_badger\simulations\data_worst_day\data_unified_2020_03_ETHUSDT.csv,1584036746038283.5,19505626969.69697,0.007066473331092202,125122020.77490383,12530657243.114218,975281348.4848486,6974969726.582754,0.0,1.4130488464709756,1.0709088323950333
1092,c:\dev\monitor-backend_for_badger\simulations\data_worst_day\data_unified_2020_03_ETHUSDT.csv,1584036802873932.8,19505626969.69697,0.007068116104120379,125122020.77490383,12530657243.114218,975281348.4848486,6974969726.582754,0.0,1.412720425361548,1.0709088323950333
1093,c:\dev\monitor-backend_for_badger\simulations\data_worst_day\data_unified_2020_03_ETHUSDT.csv,1584036873913707.0,19505626969.69697,0.007021563297697966,125122020.77490383,12530657243.114218,975281348.4848486,6974969726.582754,0.0,1.4220867299439486,1.0709088323950333
1094,c:\dev\monitor-backend_for_badger\simulations\data_worst_day\data_unified_2020_03_ETHUSDT.csv,1584036927720624.2,19505626969.69697,0.007028792462180085,125122020.77490383,12530657243.114218,975281348.4848486,6974969726.582754,0.0,1.4206241033357623,1.0709088323950333
1095,c:\dev\monitor-backend_for_badger\simulations\data_worst_day\data_unified_2020_03_ETHUSDT.csv,1584036989290623.2,19505626969.69697,0.0070223618677368645,125122020.77490383,12530657243.114218,975281348.4848486,6974969726.582754,0.0,1.421925012864049,1.0709088323950333
1096,c:\dev\monitor-backend_for_badger\simulations\data_worst_day\data_unified_2020_03_ETHUSDT.csv,1584037044204172.2,19505626969.69697,0.007036353384564338,125122020.77490383,12530657243.114218,975281348.4848486,6974969726.582754,0.0,1.4190975699177444,1.0709088323950333
1097,c:\dev\monitor-backend_for_badger\simulations\data_worst_day\data_unified_2020_03_ETHUSDT.csv,1584037113028091.8,19505626969.69697,0.007039776566111896,125122020.77490383,12530657243.114218,975281348.4848486,6974969726.582754,0.0,1.4184075155431624,1.0709088323950333
1098,c:\dev\monitor-backend_for_badger\simulations\data_worst_day\data_unified_2020_03_ETHUSDT.csv,1584037172625996.5,19505626969.69697,0.007061680169291128,125122020.77490383,12530657243.114218,975281348.4848486,6974969726.582754,0.0,1.4140079626574338,1.0709088323950333
1099,c:\dev\monitor-backend_for_badger\simulations\data_worst_day\data_unified_2020_03_ETHUSDT.csv,1584037231277803.0,19505626969.69697,0.00706000930777831,125122020.77490383,12530657243.114218,975281348.4848486,6974969726.582754,0.0,1.4143426097351677,1.0709088323950333
1100,c:\dev\monitor-backend_for_badger\simulations\data_worst_day\data_unified_2020_03_ETHUSDT.csv,1584037289050065.5,19505626969.69697,0.007056552832104219,125122020.77490383,12530657243.114218,975281348.4848486,6974969726.582754,0.0,1.415035390040466,1.0709088323950333
1101,c:\dev\monitor-backend_for_badger\simulations\data_worst_day\data_unified_2020_03_ETHUSDT.csv,1584037351708481.2,19505626969.69697,0.00706656160054646,125122020.77490383,12530657243.114218,975281348.4848486,6974969726.582754,0.0,1.4130311958712118,1.0709088323950333
1102,c:\dev\monitor-backend_for_badger\simulations\data_worst_day\data_unified_2020_03_ETHUSDT.csv,1584037414446733.2,19505626969.69697,0.007080638230938595,125122020.77490383,12530657243.114218,975281348.4848486,6974969726.582754,0.0,1.4102220256766491,1.0709088323950333
1103,c:\dev\monitor-backend_for_badger\simulations\data_worst_day\data_unified_2020_03_ETHUSDT.csv,1584037470233250.8,19505626969.69697,0.007075676410383802,125122020.77490383,12530657243.114218,975281348.4848486,6974969726.582754,0.0,1.4112109443648404,1.0709088323950333
1104,c:\dev\monitor-backend_for_badger\simulations\data_worst_day\data_unified_2020_03_ETHUSDT.csv,1584037528509553.2,19505626969.69697,0.0070803844931994885,125122020.77490383,12530657243.114218,975281348.4848486,6974969726.582754,0.0,1.4102725634050417,1.0709088323950333
1105,c:\dev\monitor-backend_for_badger\simulations\data_worst_day\data_unified_2020_03_ETHUSDT.csv,1584037585628273.2,19505626969.69697,0.007090618201158396,125122020.77490383,12530657243.114218,975281348.4848486,6974969726.582754,0.0,1.40823715307171,1.0709088323950333
1106,c:\dev\monitor-backend_for_badger\simulations\data_worst_day\data_unified_2020_03_ETHUSDT.csv,1584037650806863.0,19505626969.69697,0.007060971659936856,125122020.77490383,12530657243.114218,975281348.4848486,6974969726.582754,0.0,1.4141498465109323,1.0709088323950333
1107,c:\dev\monitor-backend_for_badger\simulations\data_worst_day\data_unified_2020_03_ETHUSDT.csv,1584037711668077.8,19505626969.69697,0.007066951003731725,125122020.77490383,12530657243.114218,975281348.4848486,6974969726.582754,0.0,1.412953335016048,1.0709088323950333
1108,c:\dev\monitor-backend_for_badger\simulations\data_worst_day\data_unified_2020_03_ETHUSDT.csv,1584037774803721.2,19505626969.69697,0.0070670362224809335,125122020.77490383,12530657243.114218,975281348.4848486,6974969726.582754,0.0,1.412936296739731,1.0709088323950333
1109,c:\dev\monitor-backend_for_badger\simulations\data_worst_day\data_unified_2020_03_ETHUSDT.csv,1584037828185146.8,19505626969.69697,0.007072542488186071,125122020.77490383,12530657243.114218,975281348.4848486,6974969726.582754,0.0,1.4118362676218748,1.0709088323950333
1110,c:\dev\monitor-backend_for_badger\simulations\data_worst_day\data_unified_2020_03_ETHUSDT.csv,1584037888734561.8,19505626969.69697,0.007082501368350343,125122020.77490383,12530657243.114218,975281348.4848486,6974969726.582754,0.0,1.4098510497631602,1.0709088323950333
1111,c:\dev\monitor-backend_for_badger\simulations\data_worst_day\data_unified_2020_03_ETHUSDT.csv,1584037953263914.2,19505626969.69697,0.007095611062359813,125122020.77490383,12530657243.114218,975281348.4848486,6974969726.582754,0.0,1.4072462401563637,1.0709088323950333
1112,c:\dev\monitor-backend_for_badger\simulations\data_worst_day\data_unified_2020_03_ETHUSDT.csv,1584038010923276.8,19505626969.69697,0.0071663244875396475,125122020.77490383,12530657243.114218,975281348.4848486,6974969726.582754,0.0,1.3933602931990463,1.0709088323950333
1113,c:\dev\monitor-backend_for_badger\simulations\data_worst_day\data_unified_2020_03_ETHUSDT.csv,1584038070590796.2,19505626969.69697,0.007189510992799918,125122020.77490383,12530657243.114218,975281348.4848486,6974969726.582754,0.0,1.3888666418505657,1.0709088323950333
1114,c:\dev\monitor-backend_for_badger\simulations\data_worst_day\data_unified_2020_03_ETHUSDT.csv,1584038128782407.8,19505626969.69697,0.007200118980305689,125122020.77490383,12530657243.114218,975281348.4848486,6974969726.582754,0.0,1.386820414555679,1.0709088323950333
1115,c:\dev\monitor-backend_for_badger\simulations\data_worst_day\data_unified_2020_03_ETHUSDT.csv,1584038194100073.2,19505626969.69697,0.0071901692339533235,125122020.77490383,12530657243.114218,975281348.4848486,6974969726.582754,0.0,1.388739494748667,1.0709088323950333
1116,c:\dev\monitor-backend_for_badger\simulations\data_worst_day\data_unified_2020_03_ETHUSDT.csv,1584038250166942.8,19505626969.69697,0.007209441661100103,125122020.77490383,12530657243.114218,975281348.4848486,6974969726.582754,0.0,1.385027087880489,1.0709088323950333
1117,c:\dev\monitor-backend_for_badger\simulations\data_worst_day\data_unified_2020_03_ETHUSDT.csv,1584038314465961.2,19505626969.69697,0.007228583443335693,125122020.77490383,12530657243.114218,975281348.4848486,6974969726.582754,0.0,1.3813594416377046,1.0709088323950333
1118,c:\dev\monitor-backend_for_badger\simulations\data_worst_day\data_unified_2020_03_ETHUSDT.csv,1584038370550632.2,19505626969.69697,0.007216325660272192,125122020.77490383,12530657243.114218,975281348.4848486,6974969726.582754,0.0,1.3837058441097454,1.0709088323950333
1119,c:\dev\monitor-backend_for_badger\simulations\data_worst_day\data_unified_2020_03_ETHUSDT.csv,1584038429646760.0,19505626969.69697,0.007252201998467981,125122020.77490383,12530657243.114218,975281348.4848486,6974969726.582754,0.0,1.3768607095096255,1.0709088323950333
1120,c:\dev\monitor-backend_for_badger\simulations\data_worst_day\data_unified_2020_03_ETHUSDT.csv,1584038489402934.0,19505626969.69697,0.007265977510969401,125122020.77490383,12530657243.114218,975281348.4848486,6974969726.582754,0.0,1.3742503295727306,1.0709088323950333
1121,c:\dev\monitor-backend_for_badger\simulations\data_worst_day\data_unified_2020_03_ETHUSDT.csv,1584038546486758.2,19505626969.69697,0.00725663925820221,125122020.77490383,12530657243.114218,975281348.4848486,6974969726.582754,0.0,1.3760187924225877,1.0709088323950333
1122,c:\dev\monitor-backend_for_badger\simulations\data_worst_day\data_unified_2020_03_ETHUSDT.csv,1584038607155228.8,19505626969.69697,0.0072567830801328285,125122020.77490383,12530657243.114218,975281348.4848486,6974969726.582754,0.0,1.3759915211541611,1.0709088323950333
1123,c:\dev\monitor-backend_for_badger\simulations\data_worst_day\data_unified_2020_03_ETHUSDT.csv,1584038669099947.5,19505626969.69697,0.00726502597629434,125122020.77490383,12530657243.114218,975281348.4848486,6974969726.582754,0.0,1.3744303216119977,1.0709088323950333
1124,c:\dev\monitor-backend_for_badger\simulations\data_worst_day\data_unified_2020_03_ETHUSDT.csv,1584038726824868.0,19505626969.69697,0.00723655931949229,125122020.77490383,12530657243.114218,975281348.4848486,6974969726.582754,0.0,1.3798369568009436,1.0709088323950333
1125,c:\dev\monitor-backend_for_badger\simulations\data_worst_day\data_unified_2020_03_ETHUSDT.csv,1584038788885744.5,19505626969.69697,0.007243194863893282,125122020.77490383,12530657243.114218,975281348.4848486,6974969726.582754,0.0,1.3785728779565893,1.0709088323950333
1126,c:\dev\monitor-backend_for_badger\simulations\data_worst_day\data_unified_2020_03_ETHUSDT.csv,1584038852419293.2,19505626969.69697,0.007265540183169525,125122020.77490383,12530657243.114218,975281348.4848486,6974969726.582754,0.0,1.374333048525205,1.0709088323950333
1127,c:\dev\monitor-backend_for_badger\simulations\data_worst_day\data_unified_2020_03_ETHUSDT.csv,1584038910323298.0,19505626969.69697,0.0072307992035793925,125122020.77490383,12530657243.114218,975281348.4848486,6974969726.582754,0.0,1.3809361466122358,1.0709088323950333
1128,c:\dev\monitor-backend_for_badger\simulations\data_worst_day\data_unified_2020_03_ETHUSDT.csv,1584038968889210.8,19505626969.69697,0.007187417469722914,125122020.77490383,12530657243.114218,975281348.4848486,6974969726.582754,0.0,1.3892711855378976,1.0709088323950333
1129,c:\dev\monitor-backend_for_badger\simulations\data_worst_day\data_unified_2020_03_ETHUSDT.csv,1584039031723670.0,19505626969.69697,0.007158283107022743,125122020.77490383,12530657243.114218,975281348.4848486,6974969726.582754,0.0,1.394925548463087,1.0709088323950333
1130,c:\dev\monitor-backend_for_badger\simulations\data_worst_day\data_unified_2020_03_ETHUSDT.csv,1584039092668265.0,19505626969.69697,0.007157500124423953,125122020.77490383,12530657243.114218,975281348.4848486,6974969726.582754,0.0,1.3950781439799667,1.0709088323950333
1131,c:\dev\monitor-backend_for_badger\simulations\data_worst_day\data_unified_2020_03_ETHUSDT.csv,1584039146328851.0,19505626969.69697,0.007181850563954589,125122020.77490383,12530657243.114218,975281348.4848486,6974969726.582754,0.0,1.3903480586512642,1.0709088323950333
1132,c:\dev\monitor-backend_for_badger\simulations\data_worst_day\data_unified_2020_03_ETHUSDT.csv,1584039212938584.0,19505626969.69697,0.007195636294832128,125122020.77490383,12530657243.114218,975281348.4848486,6974969726.582754,0.0,1.3876843659106455,1.0709088323950333
1133,c:\dev\monitor-backend_for_badger\simulations\data_worst_day\data_unified_2020_03_ETHUSDT.csv,1584039267841785.8,19505626969.69697,0.007225640484348924,125122020.77490383,12530657243.114218,975281348.4848486,6974969726.582754,0.0,1.3819220608534726,1.0709088323950333
1134,c:\dev\monitor-backend_for_badger\simulations\data_worst_day\data_unified_2020_03_ETHUSDT.csv,1584039326964064.8,19505626969.69697,0.00721508845220578,125122020.77490383,12530657243.114218,975281348.4848486,6974969726.582754,0.0,1.3839431152178148,1.0709088323950333
1135,c:\dev\monitor-backend_for_badger\simulations\data_worst_day\data_unified_2020_03_ETHUSDT.csv,1584039390537321.2,19505626969.69697,0.007202588978706731,125122020.77490383,12530657243.114218,975281348.4848486,6974969726.582754,0.0,1.386344829426969,1.0709088323950333
1136,c:\dev\monitor-backend_for_badger\simulations\data_worst_day\data_unified_2020_03_ETHUSDT.csv,1584039449685886.5,19505626969.69697,0.007222423668360263,125122020.77490383,12530657243.114218,975281348.4848486,6974969726.582754,0.0,1.3825375590829536,1.0709088323950333
1137,c:\dev\monitor-backend_for_badger\simulations\data_worst_day\data_unified_2020_03_ETHUSDT.csv,1584039512636132.2,19505626969.69697,0.007253186815318734,125122020.77490383,12530657243.114218,975281348.4848486,6974969726.582754,0.0,1.376673763321365,1.0709088323950333
1138,c:\dev\monitor-backend_for_badger\simulations\data_worst_day\data_unified_2020_03_ETHUSDT.csv,1584039568113954.5,19505626969.69697,0.007284991727983326,125122020.77490383,12530657243.114218,975281348.4848486,6974969726.582754,0.0,1.370663462905802,1.0709088323950333
1139,c:\dev\monitor-backend_for_badger\simulations\data_worst_day\data_unified_2020_03_ETHUSDT.csv,1584039631800413.0,19505626969.69697,0.00725556078011288,125122020.77490383,12530657243.114218,975281348.4848486,6974969726.582754,0.0,1.3762233260435042,1.0709088323950333
1140,c:\dev\monitor-backend_for_badger\simulations\data_worst_day\data_unified_2020_03_ETHUSDT.csv,1584039689801576.2,19505626969.69697,0.007235211937290512,125122020.77490383,12530657243.114218,975281348.4848486,6974969726.582754,0.0,1.3800939178648437,1.0709088323950333
1141,c:\dev\monitor-backend_for_badger\simulations\data_worst_day\data_unified_2020_03_ETHUSDT.csv,1584039748483437.5,19505626969.69697,0.007230923405829377,125122020.77490383,12530657243.114218,975281348.4848486,6974969726.582754,0.0,1.3809124269063464,1.0709088323950333
1142,c:\dev\monitor-backend_for_badger\simulations\data_worst_day\data_unified_2020_03_ETHUSDT.csv,1584039809016040.5,19505626969.69697,0.007241242603290309,125122020.77490383,12530657243.114218,975281348.4848486,6974969726.582754,0.0,1.3789445453161029,1.0709088323950333
1143,c:\dev\monitor-backend_for_badger\simulations\data_worst_day\data_unified_2020_03_ETHUSDT.csv,1584039868989474.0,19505626969.69697,0.007235778124578623,125122020.77490383,12530657243.114218,975281348.4848486,6974969726.582754,0.0,1.3799859278713364,1.0709088323950333
1144,c:\dev\monitor-backend_for_badger\simulations\data_worst_day\data_unified_2020_03_ETHUSDT.csv,1584039928862071.8,19505626969.69697,0.007250841848909005,125122020.77490383,12530657243.114218,975281348.4848486,6974969726.582754,0.0,1.377118988000018,1.0709088323950333
1145,c:\dev\monitor-backend_for_badger\simulations\data_worst_day\data_unified_2020_03_ETHUSDT.csv,1584039989323234.8,19505626969.69697,0.00726643926715603,125122020.77490383,12530657243.114218,975281348.4848486,6974969726.582754,0.0,1.3741630008869292,1.0709088323950333
1146,c:\dev\monitor-backend_for_badger\simulations\data_worst_day\data_unified_2020_03_ETHUSDT.csv,1584040047830944.5,19505626969.69697,0.007280414536712023,125122020.77490383,12530657243.114218,975281348.4848486,6974969726.582754,0.0,1.3715251980180916,1.0709088323950333
1147,c:\dev\monitor-backend_for_badger\simulations\data_worst_day\data_unified_2020_03_ETHUSDT.csv,1584040116346003.5,19505626969.69697,0.007277391054578434,125122020.77490383,12530657243.114218,975281348.4848486,6974969726.582754,0.0,1.3720950151271178,1.0709088323950333
1148,c:\dev\monitor-backend_for_badger\simulations\data_worst_day\data_unified_2020_03_ETHUSDT.csv,1584040170765019.0,19505626969.69697,0.007235212671022637,125122020.77490383,12530657243.114218,975281348.4848486,6974969726.582754,0.0,1.380093777907763,1.0709088323950333
1149,c:\dev\monitor-backend_for_badger\simulations\data_worst_day\data_unified_2020_03_ETHUSDT.csv,1584040230727917.8,19505626969.69697,0.007220192125362167,125122020.77490383,12530657243.114218,975281348.4848486,6974969726.582754,0.0,1.382964859625101,1.0709088323950333
1150,c:\dev\monitor-backend_for_badger\simulations\data_worst_day\data_unified_2020_03_ETHUSDT.csv,1584040289639906.0,19505626969.69697,0.007236607030688357,125122020.77490383,12530657243.114218,975281348.4848486,6974969726.582754,0.0,1.3798278594889979,1.0709088323950333
1151,c:\dev\monitor-backend_for_badger\simulations\data_worst_day\data_unified_2020_03_ETHUSDT.csv,1584040351041837.5,19505626969.69697,0.007241031190491265,125122020.77490383,12530657243.114218,975281348.4848486,6974969726.582754,0.0,1.3789848056765934,1.0709088323950333
1152,c:\dev\monitor-backend_for_badger\simulations\data_worst_day\data_unified_2020_03_ETHUSDT.csv,1584040406027614.8,19505626969.69697,0.007256743330808748,125122020.77490383,12530657243.114218,975281348.4848486,6974969726.582754,0.0,1.3759990582448935,1.0709088323950333
1153,c:\dev\monitor-backend_for_badger\simulations\data_worst_day\data_unified_2020_03_ETHUSDT.csv,1584040475631404.8,19505626969.69697,0.007256729348758726,125122020.77490383,12530657243.114218,975281348.4848486,6974969726.582754,0.0,1.3760017094789052,1.0709088323950333
1154,c:\dev\monitor-backend_for_badger\simulations\data_worst_day\data_unified_2020_03_ETHUSDT.csv,1584040531380278.8,19505626969.69697,0.007260876128001048,125122020.77490383,12530657243.114218,975281348.4848486,6974969726.582754,0.0,1.3752158572999564,1.0709088323950333
1155,c:\dev\monitor-backend_for_badger\simulations\data_worst_day\data_unified_2020_03_ETHUSDT.csv,1584040589211469.8,19505626969.69697,0.0072741327033370795,125122020.77490383,12530657243.114218,975281348.4848486,6974969726.582754,0.0,1.37270962688609,1.0709088323950333
1156,c:\dev\monitor-backend_for_badger\simulations\data_worst_day\data_unified_2020_03_ETHUSDT.csv,1584040651276188.2,19505626969.69697,0.007253998120641378,125122020.77490383,12530657243.114218,975281348.4848486,6974969726.582754,0.0,1.3765197926788104,1.0709088323950333
1157,c:\dev\monitor-backend_for_badger\simulations\data_worst_day\data_unified_2020_03_ETHUSDT.csv,1584040712610497.0,19505626969.69697,0.007253391089859317,125122020.77490383,12530657243.114218,975281348.4848486,6974969726.582754,0.0,1.3766349925730281,1.0709088323950333
1158,c:\dev\monitor-backend_for_badger\simulations\data_worst_day\data_unified_2020_03_ETHUSDT.csv,1584040773947808.0,19505626969.69697,0.0072521167754228495,125122020.77490383,12530657243.114218,975281348.4848486,6974969726.582754,0.0,1.3768768896493033,1.0709088323950333
1159,c:\dev\monitor-backend_for_badger\simulations\data_worst_day\data_unified_2020_03_ETHUSDT.csv,1584040826514540.2,19505626969.69697,0.0072332233767879155,125122020.77490383,12530657243.114218,975281348.4848486,6974969726.582754,0.0,1.3804733338059783,1.0709088323950333
1160,c:\dev\monitor-backend_for_badger\simulations\data_worst_day\data_unified_2020_03_ETHUSDT.csv,1584040889395443.8,19505626969.69697,0.007227916952119238,125122020.77490383,12530657243.114218,975281348.4848486,6974969726.582754,0.0,1.3814868177463009,1.0709088323950333
1161,c:\dev\monitor-backend_for_badger\simulations\data_worst_day\data_unified_2020_03_ETHUSDT.csv,1584040947184814.8,19505626969.69697,0.0072389642871445925,125122020.77490383,12530657243.114218,975281348.4848486,6974969726.582754,0.0,1.3793785399453098,1.0709088323950333
1162,c:\dev\monitor-backend_for_badger\simulations\data_worst_day\data_unified_2020_03_ETHUSDT.csv,1584041009979207.0,19505626969.69697,0.007256164130500832,125122020.77490383,12530657243.114218,975281348.4848486,6974969726.582754,0.0,1.3761088930093632,1.0709088323950333
1163,c:\dev\monitor-backend_for_badger\simulations\data_worst_day\data_unified_2020_03_ETHUSDT.csv,1584041066221406.2,19505626969.69697,0.007274216850649824,125122020.77490383,12530657243.114218,975281348.4848486,6974969726.582754,0.0,1.3726937475373364,1.0709088323950333
1164,c:\dev\monitor-backend_for_badger\simulations\data_worst_day\data_unified_2020_03_ETHUSDT.csv,1584041124739455.2,19505626969.69697,0.007244185989335514,125122020.77490383,12530657243.114218,975281348.4848486,6974969726.582754,0.0,1.3783842661987846,1.0709088323950333
1165,c:\dev\monitor-backend_for_badger\simulations\data_worst_day\data_unified_2020_03_ETHUSDT.csv,1584041184567545.2,19505626969.69697,0.007238135185762882,125122020.77490383,12530657243.114218,975281348.4848486,6974969726.582754,0.0,1.3795365426109163,1.0709088323950333
1166,c:\dev\monitor-backend_for_badger\simulations\data_worst_day\data_unified_2020_03_ETHUSDT.csv,1584041249854633.5,19505626969.69697,0.007223326135150519,125122020.77490383,12530657243.114218,975281348.4848486,6974969726.582754,0.0,1.3823648278217575,1.0709088323950333
1167,c:\dev\monitor-backend_for_badger\simulations\data_worst_day\data_unified_2020_03_ETHUSDT.csv,1584041304141909.5,19505626969.69697,0.007212188747348012,125122020.77490383,12530657243.114218,975281348.4848486,6974969726.582754,0.0,1.3844995380617882,1.0709088323950333
1168,c:\dev\monitor-backend_for_badger\simulations\data_worst_day\data_unified_2020_03_ETHUSDT.csv,1584041367709866.8,19505626969.69697,0.007232151590462976,125122020.77490383,12530657243.114218,975281348.4848486,6974969726.582754,0.0,1.380677916414986,1.0709088323950333
1169,c:\dev\monitor-backend_for_badger\simulations\data_worst_day\data_unified_2020_03_ETHUSDT.csv,1584041423093616.0,19505626969.69697,0.007240570363862763,125122020.77490383,12530657243.114218,975281348.4848486,6974969726.582754,0.0,1.3790725712650513,1.0709088323950333
1170,c:\dev\monitor-backend_for_badger\simulations\data_worst_day\data_unified_2020_03_ETHUSDT.csv,1584041503897704.8,19505626969.69697,0.0072110110954304975,125122020.77490383,12530657243.114218,975281348.4848486,6974969726.582754,0.0,1.3847256448468448,1.0709088323950333
1171,c:\dev\monitor-backend_for_badger\simulations\data_worst_day\data_unified_2020_03_ETHUSDT.csv,1584041546884525.0,19505626969.69697,0.007203172601907159,125122020.77490383,12530657243.114218,975281348.4848486,6974969726.582754,0.0,1.386232503504634,1.0709088323950333
1172,c:\dev\monitor-backend_for_badger\simulations\data_worst_day\data_unified_2020_03_ETHUSDT.csv,1584041610998140.5,19505626969.69697,0.0071855756537930774,125122020.77490383,12530657243.114218,975281348.4848486,6974969726.582754,0.0,1.389627285302714,1.0709088323950333
1173,c:\dev\monitor-backend_for_badger\simulations\data_worst_day\data_unified_2020_03_ETHUSDT.csv,1584041669934257.8,19505626969.69697,0.007209481649329167,125122020.77490383,12530657243.114218,975281348.4848486,6974969726.582754,0.0,1.3850194056665455,1.0709088323950333
1174,c:\dev\monitor-backend_for_badger\simulations\data_worst_day\data_unified_2020_03_ETHUSDT.csv,1584041722355072.2,19505626969.69697,0.007228180747037353,125122020.77490383,12530657243.114218,975281348.4848486,6974969726.582754,0.0,1.3814363999143848,1.0709088323950333
1175,c:\dev\monitor-backend_for_badger\simulations\data_worst_day\data_unified_2020_03_ETHUSDT.csv,1584041792785043.2,19505626969.69697,0.007208124041517403,125122020.77490383,12530657243.114218,975281348.4848486,6974969726.582754,0.0,1.3852802659338976,1.0709088323950333
1176,c:\dev\monitor-backend_for_badger\simulations\data_worst_day\data_unified_2020_03_ETHUSDT.csv,1584041852825208.0,19505626969.69697,0.007214721839469541,125122020.77490383,12530657243.114218,975281348.4848486,6974969726.582754,0.0,1.3840134396438368,1.0709088323950333
1177,c:\dev\monitor-backend_for_badger\simulations\data_worst_day\data_unified_2020_03_ETHUSDT.csv,1584041903168431.5,19505626969.69697,0.0072280868061536194,125122020.77490383,12530657243.114218,975281348.4848486,6974969726.582754,0.0,1.3814543539539126,1.0709088323950333
1178,c:\dev\monitor-backend_for_badger\simulations\data_worst_day\data_unified_2020_03_ETHUSDT.csv,1584041973526933.2,19505626969.69697,0.00722452528895153,125122020.77490383,12530657243.114218,975281348.4848486,6974969726.582754,0.0,1.382135377723465,1.0709088323950333
1179,c:\dev\monitor-backend_for_badger\simulations\data_worst_day\data_unified_2020_03_ETHUSDT.csv,1584042041748410.8,19505626969.69697,0.007188537528486783,125122020.77490383,12530657243.114218,975281348.4848486,6974969726.582754,0.0,1.389054720733953,1.0709088323950333
1180,c:\dev\monitor-backend_for_badger\simulations\data_worst_day\data_unified_2020_03_ETHUSDT.csv,1584042086762180.5,19505626969.69697,0.007178712613149824,125122020.77490383,12530657243.114218,975281348.4848486,6974969726.582754,0.0,1.3909558060350438,1.0709088323950333
1181,c:\dev\monitor-backend_for_badger\simulations\data_worst_day\data_unified_2020_03_ETHUSDT.csv,1584042146092784.2,19505626969.69697,0.0071876257834511785,125122020.77490383,12530657243.114218,975281348.4848486,6974969726.582754,0.0,1.3892309213019802,1.0709088323950333
1182,c:\dev\monitor-backend_for_badger\simulations\data_worst_day\data_unified_2020_03_ETHUSDT.csv,1584042209380378.5,19505626969.69697,0.007208520417424324,125122020.77490383,12530657243.114218,975281348.4848486,6974969726.582754,0.0,1.385204093336755,1.0709088323950333
1183,c:\dev\monitor-backend_for_badger\simulations\data_worst_day\data_unified_2020_03_ETHUSDT.csv,1584042266738805.8,19505626969.69697,0.007236144696612746,125122020.77490383,12530657243.114218,975281348.4848486,6974969726.582754,0.0,1.3799160198927305,1.0709088323950333
1184,c:\dev\monitor-backend_for_badger\simulations\data_worst_day\data_unified_2020_03_ETHUSDT.csv,1584042325273017.0,19505626969.69697,0.007235052938651415,125122020.77490383,12530657243.114218,975281348.4848486,6974969726.582754,0.0,1.380124247021607,1.0709088323950333
1185,c:\dev\monitor-backend_for_badger\simulations\data_worst_day\data_unified_2020_03_ETHUSDT.csv,1584042390595826.0,19505626969.69697,0.007223225785875447,125122020.77490383,12530657243.114218,975281348.4848486,6974969726.582754,0.0,1.3823840324420298,1.0709088323950333
1186,c:\dev\monitor-backend_for_badger\simulations\data_worst_day\data_unified_2020_03_ETHUSDT.csv,1584042453958433.2,19505626969.69697,0.007222308705735482,125122020.77490383,12530657243.114218,975281348.4848486,6974969726.582754,0.0,1.382559565916658,1.0709088323950333
1187,c:\dev\monitor-backend_for_badger\simulations\data_worst_day\data_unified_2020_03_ETHUSDT.csv,1584042508132648.5,19505626969.69697,0.00721992036050551,125122020.77490383,12530657243.114218,975281348.4848486,6974969726.582754,0.0,1.3830169157736554,1.0709088323950333
1188,c:\dev\monitor-backend_for_badger\simulations\data_worst_day\data_unified_2020_03_ETHUSDT.csv,1584042569274219.2,19505626969.69697,0.007221585433219276,125122020.77490383,12530657243.114218,975281348.4848486,6974969726.582754,0.0,1.3826980351413583,1.0709088323950333
1189,c:\dev\monitor-backend_for_badger\simulations\data_worst_day\data_unified_2020_03_ETHUSDT.csv,1584042626652009.2,19505626969.69697,0.007172740797184769,125122020.77490383,12530657243.114218,975281348.4848486,6974969726.582754,0.0,1.3921138754988707,1.0709088323950333
1190,c:\dev\monitor-backend_for_badger\simulations\data_worst_day\data_unified_2020_03_ETHUSDT.csv,1584042695362616.8,19505626969.69697,0.007177344198520777,125122020.77490383,12530657243.114218,975281348.4848486,6974969726.582754,0.0,1.3912210022163458,1.0709088323950333
1191,c:\dev\monitor-backend_for_badger\simulations\data_worst_day\data_unified_2020_03_ETHUSDT.csv,1584042746577269.5,19505626969.69697,0.007178443202930486,125122020.77490383,12530657243.114218,975281348.4848486,6974969726.582754,0.0,1.3910080092354036,1.0709088323950333
1192,c:\dev\monitor-backend_for_badger\simulations\data_worst_day\data_unified_2020_03_ETHUSDT.csv,1584042807776709.5,19505626969.69697,0.007167661035497983,125122020.77490383,12530657243.114218,975281348.4848486,6974969726.582754,0.0,1.393100474431686,1.0709088323950333
1193,c:\dev\monitor-backend_for_badger\simulations\data_worst_day\data_unified_2020_03_ETHUSDT.csv,1584042875200440.5,19505626969.69697,0.007174400476232099,125122020.77490383,12530657243.114218,975281348.4848486,6974969726.582754,0.0,1.3917918329479544,1.0709088323950333
1194,c:\dev\monitor-backend_for_badger\simulations\data_worst_day\data_unified_2020_03_ETHUSDT.csv,1584042930883488.0,19505626969.69697,0.007207082147456712,125122020.77490383,12530657243.114218,975281348.4848486,6974969726.582754,0.0,1.3854805294041814,1.0709088323950333
1195,c:\dev\monitor-backend_for_badger\simulations\data_worst_day\data_unified_2020_03_ETHUSDT.csv,1584042991339209.0,19505626969.69697,0.007219543613543679,125122020.77490383,12530657243.114218,975281348.4848486,6974969726.582754,0.0,1.3830890875685875,1.0709088323950333
1196,c:\dev\monitor-backend_for_badger\simulations\data_worst_day\data_unified_2020_03_ETHUSDT.csv,1584043049926467.0,19505626969.69697,0.007225638694960707,125122020.77490383,12530657243.114218,975281348.4848486,6974969726.582754,0.0,1.3819224030785902,1.0709088323950333
1197,c:\dev\monitor-backend_for_badger\simulations\data_worst_day\data_unified_2020_03_ETHUSDT.csv,1584043111114244.0,19505626969.69697,0.007245319261420613,125122020.77490383,12530657243.114218,975281348.4848486,6974969726.582754,0.0,1.3781686670850588,1.0709088323950333
1198,c:\dev\monitor-backend_for_badger\simulations\data_worst_day\data_unified_2020_03_ETHUSDT.csv,1584043166297008.2,19505626969.69697,0.007251370014457526,125122020.77490383,12530657243.114218,975281348.4848486,6974969726.582754,0.0,1.377018683257021,1.0709088323950333
1199,c:\dev\monitor-backend_for_badger\simulations\data_worst_day\data_unified_2020_03_ETHUSDT.csv,1584043230141487.0,19505626969.69697,0.007253006171559416,125122020.77490383,12530657243.114218,975281348.4848486,6974969726.582754,0.0,1.3767080508316856,1.0709088323950333
1200,c:\dev\monitor-backend_for_badger\simulations\data_worst_day\data_unified_2020_03_ETHUSDT.csv,1584043286042135.0,19505626969.69697,0.007230700486092251,125122020.77490383,12530657243.114218,975281348.4848486,6974969726.582754,0.0,1.3809549999095834,1.0709088323950333
1201,c:\dev\monitor-backend_for_badger\simulations\data_worst_day\data_unified_2020_03_ETHUSDT.csv,1584043350186005.2,19505626969.69697,0.007263798070014359,125122020.77490383,12530657243.114218,975281348.4848486,6974969726.582754,0.0,1.3746626617193407,1.0709088323950333
1202,c:\dev\monitor-backend_for_badger\simulations\data_worst_day\data_unified_2020_03_ETHUSDT.csv,1584043405322204.2,19505626969.69697,0.007273534921331498,125122020.77490383,12530657243.114218,975281348.4848486,6974969726.582754,0.0,1.372822444260684,1.0709088323950333
1203,c:\dev\monitor-backend_for_badger\simulations\data_worst_day\data_unified_2020_03_ETHUSDT.csv,1584043473388840.0,19505626969.69697,0.007262029017645463,125122020.77490383,12530657243.114218,975281348.4848486,6974969726.582754,0.0,1.3749975337271831,1.0709088323950333
1204,c:\dev\monitor-backend_for_badger\simulations\data_worst_day\data_unified_2020_03_ETHUSDT.csv,1584043522534014.5,19505626969.69697,0.007261841169220541,125122020.77490383,12530657243.114218,975281348.4848486,6974969726.582754,0.0,1.3750331019962987,1.0709088323950333
1205,c:\dev\monitor-backend_for_badger\simulations\data_worst_day\data_unified_2020_03_ETHUSDT.csv,1584043593096864.0,19505626969.69697,0.0072577898740941995,125122020.77490383,12530657243.114218,975281348.4848486,6974969726.582754,0.0,1.3758006448711013,1.0709088323950333
1206,c:\dev\monitor-backend_for_badger\simulations\data_worst_day\data_unified_2020_03_ETHUSDT.csv,1584043650234800.8,19505626969.69697,0.007266364860497493,125122020.77490383,12530657243.114218,975281348.4848486,6974969726.582754,0.0,1.374177072142522,1.0709088323950333
1207,c:\dev\monitor-backend_for_badger\simulations\data_worst_day\data_unified_2020_03_ETHUSDT.csv,1584043702315177.8,19505626969.69697,0.007277279628037714,125122020.77490383,12530657243.114218,975281348.4848486,6974969726.582754,0.0,1.372116024049255,1.0709088323950333
1208,c:\dev\monitor-backend_for_badger\simulations\data_worst_day\data_unified_2020_03_ETHUSDT.csv,1584043765243835.5,19505626969.69697,0.007284897297344201,125122020.77490383,12530657243.114218,975281348.4848486,6974969726.582754,0.0,1.3706812301606508,1.0709088323950333
1209,c:\dev\monitor-backend_for_badger\simulations\data_worst_day\data_unified_2020_03_ETHUSDT.csv,1584043828721730.8,19505626969.69697,0.007292606756309252,125122020.77490383,12530657243.114218,975281348.4848486,6974969726.582754,0.0,1.3692321995120493,1.0709088323950333
1210,c:\dev\monitor-backend_for_badger\simulations\data_worst_day\data_unified_2020_03_ETHUSDT.csv,1584043891912010.5,19505626969.69697,0.007277561846427955,125122020.77490383,12530657243.114218,975281348.4848486,6974969726.582754,0.0,1.372062814418928,1.0709088323950333
1211,c:\dev\monitor-backend_for_badger\simulations\data_worst_day\data_unified_2020_03_ETHUSDT.csv,1584043948831438.8,19505626969.69697,0.0072657258906812655,125122020.77490383,12530657243.114218,975281348.4848486,6974969726.582754,0.0,1.3742979214127067,1.0709088323950333
1212,c:\dev\monitor-backend_for_badger\simulations\data_worst_day\data_unified_2020_03_ETHUSDT.csv,1584044010994869.5,19505626969.69697,0.007283702168012196,125122020.77490383,12530657243.114218,975281348.4848486,6974969726.582754,0.0,1.3709061352027856,1.0709088323950333
1213,c:\dev\monitor-backend_for_badger\simulations\data_worst_day\data_unified_2020_03_ETHUSDT.csv,1584044062116332.5,19505626969.69697,0.007282807969379695,125122020.77490383,12530657243.114218,975281348.4848486,6974969726.582754,0.0,1.371074457970122,1.0709088323950333
1214,c:\dev\monitor-backend_for_badger\simulations\data_worst_day\data_unified_2020_03_ETHUSDT.csv,1584044123366176.5,19505626969.69697,0.007289110031459598,125122020.77490383,12530657243.114218,975281348.4848486,6974969726.582754,0.0,1.3698890462651259,1.0709088323950333
1215,c:\dev\monitor-backend_for_badger\simulations\data_worst_day\data_unified_2020_03_ETHUSDT.csv,1584044185916947.0,19505626969.69697,0.007294108325488177,125122020.77490383,12530657243.114218,975281348.4848486,6974969726.582754,0.0,1.3689503286132592,1.0709088323950333
1216,c:\dev\monitor-backend_for_badger\simulations\data_worst_day\data_unified_2020_03_ETHUSDT.csv,1584044252691018.5,19505626969.69697,0.007299150170115423,125122020.77490383,12530657243.114218,975281348.4848486,6974969726.582754,0.0,1.3680047343045485,1.0709088323950333
1217,c:\dev\monitor-backend_for_badger\simulations\data_worst_day\data_unified_2020_03_ETHUSDT.csv,1584044309162810.0,19505626969.69697,0.007317464156793815,125122020.77490383,12530657243.114218,975281348.4848486,6974969726.582754,0.0,1.3645809224561816,1.0709088323950333
1218,c:\dev\monitor-backend_for_badger\simulations\data_worst_day\data_unified_2020_03_ETHUSDT.csv,1584044369001003.0,19505626969.69697,0.007333433971542017,125122020.77490383,12530657243.114218,975281348.4848486,6974969726.582754,0.0,1.3616093126175817,1.0709088323950333
1219,c:\dev\monitor-backend_for_badger\simulations\data_worst_day\data_unified_2020_03_ETHUSDT.csv,1584044430434785.8,19505626969.69697,0.00735011358174081,125122020.77490383,12530657243.114218,975281348.4848486,6974969726.582754,0.0,1.3585194130772635,1.0709088323950333
1220,c:\dev\monitor-backend_for_badger\simulations\data_worst_day\data_unified_2020_03_ETHUSDT.csv,1584044491464203.8,19505626969.69697,0.007350267700432264,125122020.77490383,12530657243.114218,975281348.4848486,6974969726.582754,0.0,1.358490927960423,1.0709088323950333
1221,c:\dev\monitor-backend_for_badger\simulations\data_worst_day\data_unified_2020_03_ETHUSDT.csv,1584044550998420.0,19505626969.69697,0.007330136219587997,125122020.77490383,12530657243.114218,975281348.4848486,6974969726.582754,0.0,1.362221886468433,1.0709088323950333
1222,c:\dev\monitor-backend_for_badger\simulations\data_worst_day\data_unified_2020_03_ETHUSDT.csv,1584044609326529.0,19505626969.69697,0.007332039299105941,125122020.77490383,12530657243.114218,975281348.4848486,6974969726.582754,0.0,1.3618683127264934,1.0709088323950333
1223,c:\dev\monitor-backend_for_badger\simulations\data_worst_day\data_unified_2020_03_ETHUSDT.csv,1584044667826627.0,19505626969.69697,0.0073523866502853965,125122020.77490383,12530657243.114218,975281348.4848486,6974969726.582754,0.0,1.3580994123493426,1.0709088323950333
1224,c:\dev\monitor-backend_for_badger\simulations\data_worst_day\data_unified_2020_03_ETHUSDT.csv,1584044733623556.2,19505626969.69697,0.0073712998765469995,125122020.77490383,12530657243.114218,975281348.4848486,6974969726.582754,0.0,1.3546148110033525,1.0709088323950333
1225,c:\dev\monitor-backend_for_badger\simulations\data_worst_day\data_unified_2020_03_ETHUSDT.csv,1584044790476381.5,19505626969.69697,0.007386123143982688,125122020.77490383,12530657243.114218,975281348.4848486,6974969726.582754,0.0,1.3518962241040526,1.0709088323950333
1226,c:\dev\monitor-backend_for_badger\simulations\data_worst_day\data_unified_2020_03_ETHUSDT.csv,1584044846822242.0,19505626969.69697,0.007408281965351764,125122020.77490383,12530657243.114218,975281348.4848486,6974969726.582754,0.0,1.347852583880914,1.0709088323950333
1227,c:\dev\monitor-backend_for_badger\simulations\data_worst_day\data_unified_2020_03_ETHUSDT.csv,1584044910630325.8,19505626969.69697,0.00744477228112197,125122020.77490383,12530657243.114218,975281348.4848486,6974969726.582754,0.0,1.3412461270894522,1.0709088323950333
1228,c:\dev\monitor-backend_for_badger\simulations\data_worst_day\data_unified_2020_03_ETHUSDT.csv,1584044976517374.0,19505626969.69697,0.007511799408384715,125122020.77490383,12530657243.114218,975281348.4848486,6974969726.582754,0.0,1.3292783055378354,1.0709088323950333
1229,c:\dev\monitor-backend_for_badger\simulations\data_worst_day\data_unified_2020_03_ETHUSDT.csv,1584045030003247.8,19505626969.69697,0.0075086630919830605,125122020.77490383,12530657243.114218,975281348.4848486,6974969726.582754,0.0,1.3298335358499362,1.0709088323950333
1230,c:\dev\monitor-backend_for_badger\simulations\data_worst_day\data_unified_2020_03_ETHUSDT.csv,1584045089540038.0,19505626969.69697,0.007507497748892395,125122020.77490383,12530657243.114218,975281348.4848486,6974969726.582754,0.0,1.330039957799642,1.0709088323950333
1231,c:\dev\monitor-backend_for_badger\simulations\data_worst_day\data_unified_2020_03_ETHUSDT.csv,1584045151990104.8,19505626969.69697,0.00757354170148751,125122020.77490383,12530657243.114218,975281348.4848486,6974969726.582754,0.0,1.3184415406541636,1.0709088323950333
1232,c:\dev\monitor-backend_for_badger\simulations\data_worst_day\data_unified_2020_03_ETHUSDT.csv,1584045210010636.0,19505626969.69697,0.007593281872080601,125122020.77490383,12530657243.114218,975281348.4848486,6974969726.582754,0.0,1.3150140028163777,1.0709088323950333
1233,c:\dev\monitor-backend_for_badger\simulations\data_worst_day\data_unified_2020_03_ETHUSDT.csv,1584045267040843.0,19505626969.69697,0.0076154413988209855,125122020.77490383,12530657243.114218,975281348.4848486,6974969726.582754,0.0,1.311187555151256,1.0709088323950333
1234,c:\dev\monitor-backend_for_badger\simulations\data_worst_day\data_unified_2020_03_ETHUSDT.csv,1584045329818517.0,19505626969.69697,0.007654339213484733,125122020.77490383,12530657243.114218,975281348.4848486,6974969726.582754,0.0,1.3045243633214723,1.0709088323950333
1235,c:\dev\monitor-backend_for_badger\simulations\data_worst_day\data_unified_2020_03_ETHUSDT.csv,1584045390002434.8,19505626969.69697,0.0076657099688112575,125122020.77490383,12530657243.114218,975281348.4848486,6974969726.582754,0.0,1.3025893269826112,1.0709088323950333
1236,c:\dev\monitor-backend_for_badger\simulations\data_worst_day\data_unified_2020_03_ETHUSDT.csv,1584045447747227.5,19505626969.69697,0.007614204865257388,125122020.77490383,12530657243.114218,975281348.4848486,6974969726.582754,0.0,1.3114004897187923,1.0709088323950333
1237,c:\dev\monitor-backend_for_badger\simulations\data_worst_day\data_unified_2020_03_ETHUSDT.csv,1584045506813113.0,19505626969.69697,0.007634964822995826,125122020.77490383,12530657243.114218,975281348.4848486,6974969726.582754,0.0,1.3078347079010775,1.0709088323950333
1238,c:\dev\monitor-backend_for_badger\simulations\data_worst_day\data_unified_2020_03_ETHUSDT.csv,1584045572272364.8,19505626969.69697,0.007660466010178426,125122020.77490383,12530657243.114218,975281348.4848486,6974969726.582754,0.0,1.3034810122322016,1.0709088323950333
1239,c:\dev\monitor-backend_for_badger\simulations\data_worst_day\data_unified_2020_03_ETHUSDT.csv,1584045632387359.0,19505626969.69697,0.0076611868830424885,125122020.77490383,12530657243.114218,975281348.4848486,6974969726.582754,0.0,1.3033583622949418,1.0709088323950333
1240,c:\dev\monitor-backend_for_badger\simulations\data_worst_day\data_unified_2020_03_ETHUSDT.csv,1584045694529258.8,19505626969.69697,0.007679906998287967,125122020.77490383,12530657243.114218,975281348.4848486,6974969726.582754,0.0,1.300181368256634,1.0709088323950333
1241,c:\dev\monitor-backend_for_badger\simulations\data_worst_day\data_unified_2020_03_ETHUSDT.csv,1584045747412440.5,19505626969.69697,0.007698205210684353,125122020.77490383,12530657243.114218,975281348.4848486,6974969726.582754,0.0,1.2970909083144695,1.0709088323950333
1242,c:\dev\monitor-backend_for_badger\simulations\data_worst_day\data_unified_2020_03_ETHUSDT.csv,1584045813236503.0,19505626969.69697,0.007710037848970198,125122020.77490383,12530657243.114218,975281348.4848486,6974969726.582754,0.0,1.2951002556299314,1.0709088323950333
1243,c:\dev\monitor-backend_for_badger\simulations\data_worst_day\data_unified_2020_03_ETHUSDT.csv,1584045877650651.2,19505626969.69697,0.00773396884856466,125122020.77490383,12530657243.114218,975281348.4848486,6974969726.582754,0.0,1.2910928637850547,1.0709088323950333
1244,c:\dev\monitor-backend_for_badger\simulations\data_worst_day\data_unified_2020_03_ETHUSDT.csv,1584045931581457.0,19505626969.69697,0.007800090487308462,125122020.77490383,12530657243.114218,975281348.4848486,6974969726.582754,0.0,1.2801482246090348,1.0709088323950333
1245,c:\dev\monitor-backend_for_badger\simulations\data_worst_day\data_unified_2020_03_ETHUSDT.csv,1584045993096536.0,19505626969.69697,0.007853453523449815,125122020.77490383,12530657243.114218,975281348.4848486,6974969726.582754,0.0,1.2714498098578526,1.0709088323950333
1246,c:\dev\monitor-backend_for_badger\simulations\data_worst_day\data_unified_2020_03_ETHUSDT.csv,1584046049002036.5,19505626969.69697,0.007865977050596305,125122020.77490383,12530657243.114218,975281348.4848486,6974969726.582754,0.0,1.2694255176298517,1.0709088323950333
1247,c:\dev\monitor-backend_for_badger\simulations\data_worst_day\data_unified_2020_03_ETHUSDT.csv,1584046109701907.5,19505626969.69697,0.00781945000873161,125122020.77490383,12530657243.114218,975281348.4848486,6974969726.582754,0.0,1.2769788128279698,1.0709088323950333
1248,c:\dev\monitor-backend_for_badger\simulations\data_worst_day\data_unified_2020_03_ETHUSDT.csv,1584046166057045.2,19505626969.69697,0.007840047991589048,125122020.77490383,12530657243.114218,975281348.4848486,6974969726.582754,0.0,1.2736238349344466,1.0709088323950333
1249,c:\dev\monitor-backend_for_badger\simulations\data_worst_day\data_unified_2020_03_ETHUSDT.csv,1584046232455494.2,19505626969.69697,0.007842990718907917,125122020.77490383,12530657243.114218,975281348.4848486,6974969726.582754,0.0,1.2731459652304842,1.0709088323950333
1250,c:\dev\monitor-backend_for_badger\simulations\data_worst_day\data_unified_2020_03_ETHUSDT.csv,1584046290657759.5,19505626969.69697,0.007914638548025111,125122020.77490383,12530657243.114218,975281348.4848486,6974969726.582754,0.0,1.261620720709894,1.0709088323950333
1251,c:\dev\monitor-backend_for_badger\simulations\data_worst_day\data_unified_2020_03_ETHUSDT.csv,1584046348020180.5,19505626969.69697,0.007908137374062872,125122020.77490383,12530657243.114218,975281348.4848486,6974969726.582754,0.0,1.2626578822299506,1.0709088323950333
1252,c:\dev\monitor-backend_for_badger\simulations\data_worst_day\data_unified_2020_03_ETHUSDT.csv,1584046407805863.5,19505626969.69697,0.007907662866629285,125122020.77490383,12530657243.114218,975281348.4848486,6974969726.582754,0.0,1.2627336493132595,1.0709088323950333
1253,c:\dev\monitor-backend_for_badger\simulations\data_worst_day\data_unified_2020_03_ETHUSDT.csv,1584046470128994.2,19505626969.69697,0.007929537172043867,125122020.77490383,12530657243.114218,975281348.4848486,6974969726.582754,0.0,1.2592502907132483,1.0709088323950333
1254,c:\dev\monitor-backend_for_badger\simulations\data_worst_day\data_unified_2020_03_ETHUSDT.csv,1584046529100234.2,19505626969.69697,0.00791862799779142,125122020.77490383,12530657243.114218,975281348.4848486,6974969726.582754,0.0,1.2609851090242825,1.0709088323950333
1255,c:\dev\monitor-backend_for_badger\simulations\data_worst_day\data_unified_2020_03_ETHUSDT.csv,1584046589730090.5,19505626969.69697,0.007917070254115807,125122020.77490383,12530657243.114218,975281348.4848486,6974969726.582754,0.0,1.2612332174173593,1.0709088323950333
1256,c:\dev\monitor-backend_for_badger\simulations\data_worst_day\data_unified_2020_03_ETHUSDT.csv,1584046648926500.0,19505626969.69697,0.007832196113012889,125122020.77490383,12530657243.114218,975281348.4848486,6974969726.582754,0.0,1.274900659411172,1.0709088323950333
1257,c:\dev\monitor-backend_for_badger\simulations\data_worst_day\data_unified_2020_03_ETHUSDT.csv,1584046708432738.5,19505626969.69697,0.007671288842592535,125122020.77490383,12530657243.114218,975281348.4848486,6974969726.582754,0.0,1.3016420309554133,1.0709088323950333
1258,c:\dev\monitor-backend_for_badger\simulations\data_worst_day\data_unified_2020_03_ETHUSDT.csv,1584046770478206.8,19505626969.69697,0.007666540765395055,125122020.77490383,12530657243.114218,975281348.4848486,6974969726.582754,0.0,1.3024481698693753,1.0709088323950333
1259,c:\dev\monitor-backend_for_badger\simulations\data_worst_day\data_unified_2020_03_ETHUSDT.csv,1584046831439100.2,19505626969.69697,0.007780766793682897,125122020.77490383,12530657243.114218,975281348.4848486,6974969726.582754,0.0,1.2833274989329664,1.0709088323950333
1260,c:\dev\monitor-backend_for_badger\simulations\data_worst_day\data_unified_2020_03_ETHUSDT.csv,1584046889424304.2,19505626969.69697,0.007767659762873751,125122020.77490383,12530657243.114218,975281348.4848486,6974969726.582754,0.0,1.2854929662140044,1.0709088323950333
1261,c:\dev\monitor-backend_for_badger\simulations\data_worst_day\data_unified_2020_03_ETHUSDT.csv,1584046947615835.2,19505626969.69697,0.007743121956232711,125122020.77490383,12530657243.114218,975281348.4848486,6974969726.582754,0.0,1.2895666690462306,1.0709088323950333
1262,c:\dev\monitor-backend_for_badger\simulations\data_worst_day\data_unified_2020_03_ETHUSDT.csv,1584047009603188.8,19505626969.69697,0.00774728097180592,125122020.77490383,12530657243.114218,975281348.4848486,6974969726.582754,0.0,1.2888743838588501,1.0709088323950333
1263,c:\dev\monitor-backend_for_badger\simulations\data_worst_day\data_unified_2020_03_ETHUSDT.csv,1584047070990980.0,19505626969.69697,0.007754406676266584,125122020.77490383,12530657243.114218,975281348.4848486,6974969726.582754,0.0,1.2876900072418218,1.0709088323950333
1264,c:\dev\monitor-backend_for_badger\simulations\data_worst_day\data_unified_2020_03_ETHUSDT.csv,1584047126660484.0,19505626969.69697,0.007747607268137351,125122020.77490383,12530657243.114218,975281348.4848486,6974969726.582754,0.0,1.2888201019407592,1.0709088323950333
1265,c:\dev\monitor-backend_for_badger\simulations\data_worst_day\data_unified_2020_03_ETHUSDT.csv,1584047190893774.8,19505626969.69697,0.007749771569800087,125122020.77490383,12530657243.114218,975281348.4848486,6974969726.582754,0.0,1.2884601693331366,1.0709088323950333
1266,c:\dev\monitor-backend_for_badger\simulations\data_worst_day\data_unified_2020_03_ETHUSDT.csv,1584047254189240.0,19505626969.69697,0.0077345141182834365,125122020.77490383,12530657243.114218,975281348.4848486,6974969726.582754,0.0,1.2910018439960953,1.0709088323950333
1267,c:\dev\monitor-backend_for_badger\simulations\data_worst_day\data_unified_2020_03_ETHUSDT.csv,1584047315547984.2,19505626969.69697,0.007680225751320858,125122020.77490383,12530657243.114218,975281348.4848486,6974969726.582754,0.0,1.3001274067237496,1.0709088323950333
1268,c:\dev\monitor-backend_for_badger\simulations\data_worst_day\data_unified_2020_03_ETHUSDT.csv,1584047369234208.8,19505626969.69697,0.007650186580587065,125122020.77490383,12530657243.114218,975281348.4848486,6974969726.582754,0.0,1.305232478179832,1.0709088323950333
1269,c:\dev\monitor-backend_for_badger\simulations\data_worst_day\data_unified_2020_03_ETHUSDT.csv,1584047422639757.0,19505626969.69697,0.007658690743848813,125122020.77490383,12530657243.114218,975281348.4848486,6974969726.582754,0.0,1.3037831560358488,1.0709088323950333
1270,c:\dev\monitor-backend_for_badger\simulations\data_worst_day\data_unified_2020_03_ETHUSDT.csv,1584047490862126.0,19505626969.69697,0.007675212225286043,125122020.77490383,12530657243.114218,975281348.4848486,6974969726.582754,0.0,1.3009766630584099,1.0709088323950333
1271,c:\dev\monitor-backend_for_badger\simulations\data_worst_day\data_unified_2020_03_ETHUSDT.csv,1584047550120355.0,19505626969.69697,0.007687776122944278,125122020.77490383,12530657243.114218,975281348.4848486,6974969726.582754,0.0,1.2988505166424607,1.0709088323950333
1272,c:\dev\monitor-backend_for_badger\simulations\data_worst_day\data_unified_2020_03_ETHUSDT.csv,1584047615058030.2,19505626969.69697,0.007710151507858735,125122020.77490383,12530657243.114218,975281348.4848486,6974969726.582754,0.0,1.2950811639615705,1.0709088323950333
1273,c:\dev\monitor-backend_for_badger\simulations\data_worst_day\data_unified_2020_03_ETHUSDT.csv,1584047667435297.5,19505626969.69697,0.007755342137297437,125122020.77490383,12530657243.114218,975281348.4848486,6974969726.582754,0.0,1.2875346841367585,1.0709088323950333
1274,c:\dev\monitor-backend_for_badger\simulations\data_worst_day\data_unified_2020_03_ETHUSDT.csv,1584047732598979.2,19505626969.69697,0.007739169919458579,125122020.77490383,12530657243.114218,975281348.4848486,6974969726.582754,0.0,1.2902251912071088,1.0709088323950333
1275,c:\dev\monitor-backend_for_badger\simulations\data_worst_day\data_unified_2020_03_ETHUSDT.csv,1584047788997028.2,19505626969.69697,0.007728790772031896,125122020.77490383,12530657243.114218,975281348.4848486,6974969726.582754,0.0,1.2919578603746604,1.0709088323950333
1276,c:\dev\monitor-backend_for_badger\simulations\data_worst_day\data_unified_2020_03_ETHUSDT.csv,1584047852087468.5,19505626969.69697,0.007721293254585781,125122020.77490383,12530657243.114218,975281348.4848486,6974969726.582754,0.0,1.2932123751662146,1.0709088323950333
1277,c:\dev\monitor-backend_for_badger\simulations\data_worst_day\data_unified_2020_03_ETHUSDT.csv,1584047915335114.8,19505626969.69697,0.007735483423329996,125122020.77490383,12530657243.114218,975281348.4848486,6974969726.582754,0.0,1.2908400732916647,1.0709088323950333
1278,c:\dev\monitor-backend_for_badger\simulations\data_worst_day\data_unified_2020_03_ETHUSDT.csv,1584047968555598.8,19505626969.69697,0.007770691621809042,125122020.77490383,12530657243.114218,975281348.4848486,6974969726.582754,0.0,1.2849914106864462,1.0709088323950333
1279,c:\dev\monitor-backend_for_badger\simulations\data_worst_day\data_unified_2020_03_ETHUSDT.csv,1584048023155098.2,19505626969.69697,0.007794193616284896,125122020.77490383,12530657243.114218,975281348.4848486,6974969726.582754,0.0,1.2811167493010305,1.0709088323950333
1280,c:\dev\monitor-backend_for_badger\simulations\data_worst_day\data_unified_2020_03_ETHUSDT.csv,1584048085848114.8,19505626969.69697,0.007846950683408951,125122020.77490383,12530657243.114218,975281348.4848486,6974969726.582754,0.0,1.2725034719830617,1.0709088323950333
1281,c:\dev\monitor-backend_for_badger\simulations\data_worst_day\data_unified_2020_03_ETHUSDT.csv,1584048149135729.0,19505626969.69697,0.007874642120859953,125122020.77490383,12530657243.114218,975281348.4848486,6974969726.582754,0.0,1.2680286717623308,1.0709088323950333
1282,c:\dev\monitor-backend_for_badger\simulations\data_worst_day\data_unified_2020_03_ETHUSDT.csv,1584048210955419.8,19505626969.69697,0.007920910228157173,125122020.77490383,12530657243.114218,975281348.4848486,6974969726.582754,0.0,1.2606217848072818,1.0709088323950333
1283,c:\dev\monitor-backend_for_badger\simulations\data_worst_day\data_unified_2020_03_ETHUSDT.csv,1584048266389507.0,19505626969.69697,0.007920012955397298,125122020.77490383,12530657243.114218,975281348.4848486,6974969726.582754,0.0,1.2607646029559871,1.0709088323950333
1284,c:\dev\monitor-backend_for_badger\simulations\data_worst_day\data_unified_2020_03_ETHUSDT.csv,1584048334244277.5,19505626969.69697,0.007942182308781387,125122020.77490383,12530657243.114218,975281348.4848486,6974969726.582754,0.0,1.2572453767621767,1.0709088323950333
1285,c:\dev\monitor-backend_for_badger\simulations\data_worst_day\data_unified_2020_03_ETHUSDT.csv,1584048398620760.0,19505626969.69697,0.007902514029574969,125122020.77490383,12530657243.114218,975281348.4848486,6974969726.582754,0.0,1.26355637607831,1.0709088323950333
1286,c:\dev\monitor-backend_for_badger\simulations\data_worst_day\data_unified_2020_03_ETHUSDT.csv,1584048447886119.0,19505626969.69697,0.007824912459398967,125122020.77490383,12530657243.114218,975281348.4848486,6974969726.582754,0.0,1.2760873736196048,1.0709088323950333
1287,c:\dev\monitor-backend_for_badger\simulations\data_worst_day\data_unified_2020_03_ETHUSDT.csv,1584048507832733.8,19505626969.69697,0.00786087092005928,125122020.77490383,12530657243.114218,975281348.4848486,6974969726.582754,0.0,1.2702500894191566,1.0709088323950333
1288,c:\dev\monitor-backend_for_badger\simulations\data_worst_day\data_unified_2020_03_ETHUSDT.csv,1584048570152965.2,19505626969.69697,0.00788245199541063,125122020.77490383,12530657243.114218,975281348.4848486,6974969726.582754,0.0,1.2667723184272404,1.0709088323950333
1289,c:\dev\monitor-backend_for_badger\simulations\data_worst_day\data_unified_2020_03_ETHUSDT.csv,1584048630521660.2,19505626969.69697,0.007886611435024157,125122020.77490383,12530657243.114218,975281348.4848486,6974969726.582754,0.0,1.266104216162282,1.0709088323950333
1290,c:\dev\monitor-backend_for_badger\simulations\data_worst_day\data_unified_2020_03_ETHUSDT.csv,1584048685153413.8,19505626969.69697,0.007881438908238792,125122020.77490383,12530657243.114218,975281348.4848486,6974969726.582754,0.0,1.266935150468493,1.0709088323950333
1291,c:\dev\monitor-backend_for_badger\simulations\data_worst_day\data_unified_2020_03_ETHUSDT.csv,1584048751520667.0,19505626969.69697,0.007875666376833299,125122020.77490383,12530657243.114218,975281348.4848486,6974969726.582754,0.0,1.2678637605180902,1.0709088323950333
1292,c:\dev\monitor-backend_for_badger\simulations\data_worst_day\data_unified_2020_03_ETHUSDT.csv,1584048816324645.0,19505626969.69697,0.007847322816822232,125122020.77490383,12530657243.114218,975281348.4848486,6974969726.582754,0.0,1.2724431277011334,1.0709088323950333
1293,c:\dev\monitor-backend_for_badger\simulations\data_worst_day\data_unified_2020_03_ETHUSDT.csv,1584048870197303.8,19505626969.69697,0.007809016194831402,125122020.77490383,12530657243.114218,975281348.4848486,6974969726.582754,0.0,1.2786850148584348,1.0709088323950333
1294,c:\dev\monitor-backend_for_badger\simulations\data_worst_day\data_unified_2020_03_ETHUSDT.csv,1584048931839346.5,19505626969.69697,0.007720200776968471,125122020.77490383,12530657243.114218,975281348.4848486,6974969726.582754,0.0,1.2933953763102408,1.0709088323950333
1295,c:\dev\monitor-backend_for_badger\simulations\data_worst_day\data_unified_2020_03_ETHUSDT.csv,1584048990936656.2,19505626969.69697,0.007741046122601061,125122020.77490383,12530657243.114218,975281348.4848486,6974969726.582754,0.0,1.2899124783618532,1.0709088323950333
1296,c:\dev\monitor-backend_for_badger\simulations\data_worst_day\data_unified_2020_03_ETHUSDT.csv,1584049049049649.2,19505626969.69697,0.007806198326151397,125122020.77490383,12530657243.114218,975281348.4848486,6974969726.582754,0.0,1.2791465924797578,1.0709088323950333
1297,c:\dev\monitor-backend_for_badger\simulations\data_worst_day\data_unified_2020_03_ETHUSDT.csv,1584049107224991.5,19505626969.69697,0.0077950475702817075,125122020.77490383,12530657243.114218,975281348.4848486,6974969726.582754,0.0,1.2809764018870367,1.0709088323950333
1298,c:\dev\monitor-backend_for_badger\simulations\data_worst_day\data_unified_2020_03_ETHUSDT.csv,1584049172248628.5,19505626969.69697,0.00783337299758472,125122020.77490383,12530657243.114218,975281348.4848486,6974969726.582754,0.0,1.2747091185618926,1.0709088323950333
1299,c:\dev\monitor-backend_for_badger\simulations\data_worst_day\data_unified_2020_03_ETHUSDT.csv,1584049231327595.8,19505626969.69697,0.007859965946275424,125122020.77490383,12530657243.114218,975281348.4848486,6974969726.582754,0.0,1.2703963423466784,1.0709088323950333
1300,c:\dev\monitor-backend_for_badger\simulations\data_worst_day\data_unified_2020_03_ETHUSDT.csv,1584049290962450.8,19505626969.69697,0.00786549690224997,125122020.77490383,12530657243.114218,975281348.4848486,6974969726.582754,0.0,1.2695030095633761,1.0709088323950333
1301,c:\dev\monitor-backend_for_badger\simulations\data_worst_day\data_unified_2020_03_ETHUSDT.csv,1584049348345048.5,19505626969.69697,0.00783329044014344,125122020.77490383,12530657243.114218,975281348.4848486,6974969726.582754,0.0,1.2747225531107593,1.0709088323950333
1302,c:\dev\monitor-backend_for_badger\simulations\data_worst_day\data_unified_2020_03_ETHUSDT.csv,1584049409431858.8,19505626969.69697,0.00780945288593907,125122020.77490383,12530657243.114218,975281348.4848486,6974969726.582754,0.0,1.2786135130024594,1.0709088323950333
1303,c:\dev\monitor-backend_for_badger\simulations\data_worst_day\data_unified_2020_03_ETHUSDT.csv,1584049476611408.0,19505626969.69697,0.007806390928192463,125122020.77490383,12530657243.114218,975281348.4848486,6974969726.582754,0.0,1.2791150329221082,1.0709088323950333
1304,c:\dev\monitor-backend_for_badger\simulations\data_worst_day\data_unified_2020_03_ETHUSDT.csv,1584049525540685.0,19505626969.69697,0.007865449087039242,125122020.77490383,12530657243.114218,975281348.4848486,6974969726.582754,0.0,1.2695107270570947,1.0709088323950333
1305,c:\dev\monitor-backend_for_badger\simulations\data_worst_day\data_unified_2020_03_ETHUSDT.csv,1584049588700409.5,19505626969.69697,0.007824024540626522,125122020.77490383,12530657243.114218,975281348.4848486,6974969726.582754,0.0,1.2762321919197561,1.0709088323950333
1306,c:\dev\monitor-backend_for_badger\simulations\data_worst_day\data_unified_2020_03_ETHUSDT.csv,1584049650114122.5,19505626969.69697,0.007814380950994822,125122020.77490383,12530657243.114218,975281348.4848486,6974969726.582754,0.0,1.2778071675462095,1.0709088323950333
1307,c:\dev\monitor-backend_for_badger\simulations\data_worst_day\data_unified_2020_03_ETHUSDT.csv,1584049713052173.0,19505626969.69697,0.007819733159245293,125122020.77490383,12530657243.114218,975281348.4848486,6974969726.582754,0.0,1.276932573755683,1.0709088323950333
1308,c:\dev\monitor-backend_for_badger\simulations\data_worst_day\data_unified_2020_03_ETHUSDT.csv,1584049773883638.8,19505626969.69697,0.007781421068228441,125122020.77490383,12530657243.114218,975281348.4848486,6974969726.582754,0.0,1.283219594668593,1.0709088323950333
1309,c:\dev\monitor-backend_for_badger\simulations\data_worst_day\data_unified_2020_03_ETHUSDT.csv,1584049830633195.5,19505626969.69697,0.0077721902296219525,125122020.77490383,12530657243.114218,975281348.4848486,6974969726.582754,0.0,1.2847436429259198,1.0709088323950333
1310,c:\dev\monitor-backend_for_badger\simulations\data_worst_day\data_unified_2020_03_ETHUSDT.csv,1584049888513082.5,19505626969.69697,0.007796044711205741,125122020.77490383,12530657243.114218,975281348.4848486,6974969726.582754,0.0,1.2808125606007998,1.0709088323950333
1311,c:\dev\monitor-backend_for_badger\simulations\data_worst_day\data_unified_2020_03_ETHUSDT.csv,1584049947497451.2,19505626969.69697,0.007732194569715485,125122020.77490383,12530657243.114218,975281348.4848486,6974969726.582754,0.0,1.2913891262160995,1.0709088323950333
1312,c:\dev\monitor-backend_for_badger\simulations\data_worst_day\data_unified_2020_03_ETHUSDT.csv,1584050007501938.2,19505626969.69697,0.007739354723020904,125122020.77490383,12530657243.114218,975281348.4848486,6974969726.582754,0.0,1.290194382668145,1.0709088323950333
1313,c:\dev\monitor-backend_for_badger\simulations\data_worst_day\data_unified_2020_03_ETHUSDT.csv,1584050063234399.8,19505626969.69697,0.007719481131392865,125122020.77490383,12530657243.114218,975281348.4848486,6974969726.582754,0.0,1.2935159525826907,1.0709088323950333
1314,c:\dev\monitor-backend_for_badger\simulations\data_worst_day\data_unified_2020_03_ETHUSDT.csv,1584050132765464.8,19505626969.69697,0.007741501826124634,125122020.77490383,12530657243.114218,975281348.4848486,6974969726.582754,0.0,1.289836547660719,1.0709088323950333
1315,c:\dev\monitor-backend_for_badger\simulations\data_worst_day\data_unified_2020_03_ETHUSDT.csv,1584050195400948.5,19505626969.69697,0.007676169043900318,125122020.77490383,12530657243.114218,975281348.4848486,6974969726.582754,0.0,1.3008144990048522,1.0709088323950333
1316,c:\dev\monitor-backend_for_badger\simulations\data_worst_day\data_unified_2020_03_ETHUSDT.csv,1584050250676238.2,19505626969.69697,0.007639886266237413,125122020.77490383,12530657243.114218,975281348.4848486,6974969726.582754,0.0,1.3069922301389731,1.0709088323950333
1317,c:\dev\monitor-backend_for_badger\simulations\data_worst_day\data_unified_2020_03_ETHUSDT.csv,1584050309550391.8,19505626969.69697,0.007574337494680183,125122020.77490383,12530657243.114218,975281348.4848486,6974969726.582754,0.0,1.318303019390261,1.0709088323950333
1318,c:\dev\monitor-backend_for_badger\simulations\data_worst_day\data_unified_2020_03_ETHUSDT.csv,1584050369145595.8,19505626969.69697,0.007616611849880189,125122020.77490383,12530657243.114218,975281348.4848486,6974969726.582754,0.0,1.3109860638723265,1.0709088323950333
1319,c:\dev\monitor-backend_for_badger\simulations\data_worst_day\data_unified_2020_03_ETHUSDT.csv,1584050428808326.5,19505626969.69697,0.0076488928855793555,125122020.77490383,12530657243.114218,975281348.4848486,6974969726.582754,0.0,1.3054532385913296,1.0709088323950333
1320,c:\dev\monitor-backend_for_badger\simulations\data_worst_day\data_unified_2020_03_ETHUSDT.csv,1584050492409551.5,19505626969.69697,0.007639896915931613,125122020.77490383,12530657243.114218,975281348.4848486,6974969726.582754,0.0,1.3069904082469077,1.0709088323950333
1321,c:\dev\monitor-backend_for_badger\simulations\data_worst_day\data_unified_2020_03_ETHUSDT.csv,1584050550971648.5,19505626969.69697,0.007603123721588581,125122020.77490383,12530657243.114218,975281348.4848486,6974969726.582754,0.0,1.3133117853606946,1.0709088323950333
1322,c:\dev\monitor-backend_for_badger\simulations\data_worst_day\data_unified_2020_03_ETHUSDT.csv,1584050609940526.2,19505626969.69697,0.007594738259473633,125122020.77490383,12530657243.114218,975281348.4848486,6974969726.582754,0.0,1.3147618322016796,1.0709088323950333
1323,c:\dev\monitor-backend_for_badger\simulations\data_worst_day\data_unified_2020_03_ETHUSDT.csv,1584050664987871.8,19505626969.69697,0.007590523179677417,125122020.77490383,12530657243.114218,975281348.4848486,6974969726.582754,0.0,1.3154919302337345,1.0709088323950333
1324,c:\dev\monitor-backend_for_badger\simulations\data_worst_day\data_unified_2020_03_ETHUSDT.csv,1584050733231753.5,19505626969.69697,0.007581058673581569,125122020.77490383,12530657243.114218,975281348.4848486,6974969726.582754,0.0,1.317134244576469,1.0709088323950333
1325,c:\dev\monitor-backend_for_badger\simulations\data_worst_day\data_unified_2020_03_ETHUSDT.csv,1584050791906181.8,19505626969.69697,0.00758935409778326,125122020.77490383,12530657243.114218,975281348.4848486,6974969726.582754,0.0,1.315694571694092,1.0709088323950333
1326,c:\dev\monitor-backend_for_badger\simulations\data_worst_day\data_unified_2020_03_ETHUSDT.csv,1584050853536288.2,19505626969.69697,0.007565373872011597,125122020.77490383,12530657243.114218,975281348.4848486,6974969726.582754,0.0,1.319864974031047,1.0709088323950333
1327,c:\dev\monitor-backend_for_badger\simulations\data_worst_day\data_unified_2020_03_ETHUSDT.csv,1584050912242253.5,19505626969.69697,0.0075549407557683,125122020.77490383,12530657243.114218,975281348.4848486,6974969726.582754,0.0,1.3216876626721206,1.0709088323950333
1328,c:\dev\monitor-backend_for_badger\simulations\data_worst_day\data_unified_2020_03_ETHUSDT.csv,1584050964949799.8,19505626969.69697,0.007524454215054014,125122020.77490383,12530657243.114218,975281348.4848486,6974969726.582754,0.0,1.327042693560475,1.0709088323950333
1329,c:\dev\monitor-backend_for_badger\simulations\data_worst_day\data_unified_2020_03_ETHUSDT.csv,1584051034322983.5,19505626969.69697,0.007470652630012209,125122020.77490383,12530657243.114218,975281348.4848486,6974969726.582754,0.0,1.3365996899659665,1.0709088323950333
1330,c:\dev\monitor-backend_for_badger\simulations\data_worst_day\data_unified_2020_03_ETHUSDT.csv,1584051086968045.0,19505626969.69697,0.007461281707728946,125122020.77490383,12530657243.114218,975281348.4848486,6974969726.582754,0.0,1.3382783790048118,1.0709088323950333
1331,c:\dev\monitor-backend_for_badger\simulations\data_worst_day\data_unified_2020_03_ETHUSDT.csv,1584051147356610.5,19505626969.69697,0.007496190995099011,125122020.77490383,12530657243.114218,975281348.4848486,6974969726.582754,0.0,1.3320461012327585,1.0709088323950333
1332,c:\dev\monitor-backend_for_badger\simulations\data_worst_day\data_unified_2020_03_ETHUSDT.csv,1584051209731122.2,19505626969.69697,0.007520449984591189,125122020.77490383,12530657243.114218,975281348.4848486,6974969726.582754,0.0,1.3277492715963521,1.0709088323950333
1333,c:\dev\monitor-backend_for_badger\simulations\data_worst_day\data_unified_2020_03_ETHUSDT.csv,1584051271238656.0,19505626969.69697,0.0075321620607626755,125122020.77490383,12530657243.114218,975281348.4848486,6974969726.582754,0.0,1.325684698306489,1.0709088323950333
1334,c:\dev\monitor-backend_for_badger\simulations\data_worst_day\data_unified_2020_03_ETHUSDT.csv,1584051326886981.8,19505626969.69697,0.007558030207097893,125122020.77490383,12530657243.114218,975281348.4848486,6974969726.582754,0.0,1.3211474042192086,1.0709088323950333
1335,c:\dev\monitor-backend_for_badger\simulations\data_worst_day\data_unified_2020_03_ETHUSDT.csv,1584051389776044.2,19505626969.69697,0.0075905342489094455,125122020.77490383,12530657243.114218,975281348.4848486,6974969726.582754,0.0,1.3154900118594897,1.0709088323950333
1336,c:\dev\monitor-backend_for_badger\simulations\data_worst_day\data_unified_2020_03_ETHUSDT.csv,1584051447491285.8,19505626969.69697,0.007634315536800406,125122020.77490383,12530657243.114218,975281348.4848486,6974969726.582754,0.0,1.3079459371288502,1.0709088323950333
1337,c:\dev\monitor-backend_for_badger\simulations\data_worst_day\data_unified_2020_03_ETHUSDT.csv,1584051509639508.5,19505626969.69697,0.007635658745126481,125122020.77490383,12530657243.114218,975281348.4848486,6974969726.582754,0.0,1.3077158530023263,1.0709088323950333
1338,c:\dev\monitor-backend_for_badger\simulations\data_worst_day\data_unified_2020_03_ETHUSDT.csv,1584051571074979.0,19505626969.69697,0.007634785610197137,125122020.77490383,12530657243.114218,975281348.4848486,6974969726.582754,0.0,1.3078654069580247,1.0709088323950333
1339,c:\dev\monitor-backend_for_badger\simulations\data_worst_day\data_unified_2020_03_ETHUSDT.csv,1584051632044494.5,19505626969.69697,0.007579576029215951,125122020.77490383,12530657243.114218,975281348.4848486,6974969726.582754,0.0,1.3173918898140071,1.0709088323950333
1340,c:\dev\monitor-backend_for_badger\simulations\data_worst_day\data_unified_2020_03_ETHUSDT.csv,1584051692760587.8,19505626969.69697,0.007574394471086651,125122020.77490383,12530657243.114218,975281348.4848486,6974969726.582754,0.0,1.3182931027997047,1.0709088323950333
1341,c:\dev\monitor-backend_for_badger\simulations\data_worst_day\data_unified_2020_03_ETHUSDT.csv,1584051749993410.5,19505626969.69697,0.007603313358853297,125122020.77490383,12530657243.114218,975281348.4848486,6974969726.582754,0.0,1.3132790295287382,1.0709088323950333
1342,c:\dev\monitor-backend_for_badger\simulations\data_worst_day\data_unified_2020_03_ETHUSDT.csv,1584051810707262.0,19505626969.69697,0.0076449997327925154,125122020.77490383,12530657243.114218,975281348.4848486,6974969726.582754,0.0,1.3061180298394064,1.0709088323950333
1343,c:\dev\monitor-backend_for_badger\simulations\data_worst_day\data_unified_2020_03_ETHUSDT.csv,1584051871631723.2,19505626969.69697,0.007609755179391772,125122020.77490383,12530657243.114218,975281348.4848486,6974969726.582754,0.0,1.3121673107380893,1.0709088323950333
1344,c:\dev\monitor-backend_for_badger\simulations\data_worst_day\data_unified_2020_03_ETHUSDT.csv,1584051930427654.2,19505626969.69697,0.007575562462230529,125122020.77490383,12530657243.114218,975281348.4848486,6974969726.582754,0.0,1.3180898499486084,1.0709088323950333
1345,c:\dev\monitor-backend_for_badger\simulations\data_worst_day\data_unified_2020_03_ETHUSDT.csv,1584051985527473.2,19505626969.69697,0.007576146599760347,125122020.77490383,12530657243.114218,975281348.4848486,6974969726.582754,0.0,1.3179882223284338,1.0709088323950333
1346,c:\dev\monitor-backend_for_badger\simulations\data_worst_day\data_unified_2020_03_ETHUSDT.csv,1584052053726058.2,19505626969.69697,0.007611514905913994,125122020.77490383,12530657243.114218,975281348.4848486,6974969726.582754,0.0,1.311863947262245,1.0709088323950333
1347,c:\dev\monitor-backend_for_badger\simulations\data_worst_day\data_unified_2020_03_ETHUSDT.csv,1584052111650022.2,19505626969.69697,0.007685740319366329,125122020.77490383,12530657243.114218,975281348.4848486,6974969726.582754,0.0,1.299194556958569,1.0709088323950333
1348,c:\dev\monitor-backend_for_badger\simulations\data_worst_day\data_unified_2020_03_ETHUSDT.csv,1584052169098015.0,19505626969.69697,0.007729866653773656,125122020.77490383,12530657243.114218,975281348.4848486,6974969726.582754,0.0,1.29177803917782,1.0709088323950333
1349,c:\dev\monitor-backend_for_badger\simulations\data_worst_day\data_unified_2020_03_ETHUSDT.csv,1584052225244514.8,19505626969.69697,0.007678736902784727,125122020.77490383,12530657243.114218,975281348.4848486,6974969726.582754,0.0,1.3003794915146196,1.0709088323950333
1350,c:\dev\monitor-backend_for_badger\simulations\data_worst_day\data_unified_2020_03_ETHUSDT.csv,1584052284994200.8,19505626969.69697,0.007655773199430212,125122020.77490383,12530657243.114218,975281348.4848486,6974969726.582754,0.0,1.3042800157482346,1.0709088323950333
1351,c:\dev\monitor-backend_for_badger\simulations\data_worst_day\data_unified_2020_03_ETHUSDT.csv,1584052345507235.0,19505626969.69697,0.007708096882470796,125122020.77490383,12530657243.114218,975281348.4848486,6974969726.582754,0.0,1.295426373249867,1.0709088323950333
1352,c:\dev\monitor-backend_for_badger\simulations\data_worst_day\data_unified_2020_03_ETHUSDT.csv,1584052409234582.5,19505626969.69697,0.0077066574186777205,125122020.77490383,12530657243.114218,975281348.4848486,6974969726.582754,0.0,1.2956683353950076,1.0709088323950333
1353,c:\dev\monitor-backend_for_badger\simulations\data_worst_day\data_unified_2020_03_ETHUSDT.csv,1584052467767553.0,19505626969.69697,0.007715022293635085,125122020.77490383,12530657243.114218,975281348.4848486,6974969726.582754,0.0,1.2942635301722494,1.0709088323950333
1354,c:\dev\monitor-backend_for_badger\simulations\data_worst_day\data_unified_2020_03_ETHUSDT.csv,1584052531224444.5,19505626969.69697,0.007724164880961661,125122020.77490383,12530657243.114218,975281348.4848486,6974969726.582754,0.0,1.2927315953248502,1.0709088323950333
1355,c:\dev\monitor-backend_for_badger\simulations\data_worst_day\data_unified_2020_03_ETHUSDT.csv,1584052590047626.8,19505626969.69697,0.007752283987305003,125122020.77490383,12530657243.114218,975281348.4848486,6974969726.582754,0.0,1.2880425956362598,1.0709088323950333
1356,c:\dev\monitor-backend_for_badger\simulations\data_worst_day\data_unified_2020_03_ETHUSDT.csv,1584052653153652.0,19505626969.69697,0.007777563870790683,125122020.77490383,12530657243.114218,975281348.4848486,6974969726.582754,0.0,1.2838559933423763,1.0709088323950333
1357,c:\dev\monitor-backend_for_badger\simulations\data_worst_day\data_unified_2020_03_ETHUSDT.csv,1584052704871274.0,19505626969.69697,0.007757577659331217,125122020.77490383,12530657243.114218,975281348.4848486,6974969726.582754,0.0,1.287163651801403,1.0709088323950333
1358,c:\dev\monitor-backend_for_badger\simulations\data_worst_day\data_unified_2020_03_ETHUSDT.csv,1584052778461444.5,19505626969.69697,0.007742394461577623,125122020.77490383,12530657243.114218,975281348.4848486,6974969726.582754,0.0,1.2896878399402951,1.0709088323950333
1359,c:\dev\monitor-backend_for_badger\simulations\data_worst_day\data_unified_2020_03_ETHUSDT.csv,1584052826632510.0,19505626969.69697,0.007740710980104624,125122020.77490383,12530657243.114218,975281348.4848486,6974969726.582754,0.0,1.2899683265248056,1.0709088323950333
1360,c:\dev\monitor-backend_for_badger\simulations\data_worst_day\data_unified_2020_03_ETHUSDT.csv,1584052887553428.5,19505626969.69697,0.007731174762187239,125122020.77490383,12530657243.114218,975281348.4848486,6974969726.582754,0.0,1.291559471395625,1.0709088323950333
1361,c:\dev\monitor-backend_for_badger\simulations\data_worst_day\data_unified_2020_03_ETHUSDT.csv,1584052952678963.5,19505626969.69697,0.007785302419911825,125122020.77490383,12530657243.114218,975281348.4848486,6974969726.582754,0.0,1.2825798473260643,1.0709088323950333
1362,c:\dev\monitor-backend_for_badger\simulations\data_worst_day\data_unified_2020_03_ETHUSDT.csv,1584053011321078.5,19505626969.69697,0.007800358002075044,125122020.77490383,12530657243.114218,975281348.4848486,6974969726.582754,0.0,1.2801043216813222,1.0709088323950333
1363,c:\dev\monitor-backend_for_badger\simulations\data_worst_day\data_unified_2020_03_ETHUSDT.csv,1584053074080573.8,19505626969.69697,0.00779855632707489,125122020.77490383,12530657243.114218,975281348.4848486,6974969726.582754,0.0,1.2804000600022671,1.0709088323950333
1364,c:\dev\monitor-backend_for_badger\simulations\data_worst_day\data_unified_2020_03_ETHUSDT.csv,1584053127663844.0,19505626969.69697,0.007745993759339181,125122020.77490383,12530657243.114218,975281348.4848486,6974969726.582754,0.0,1.28908856621253,1.0709088323950333
1365,c:\dev\monitor-backend_for_badger\simulations\data_worst_day\data_unified_2020_03_ETHUSDT.csv,1584053188010048.8,19505626969.69697,0.007738926151042152,125122020.77490383,12530657243.114218,975281348.4848486,6974969726.582754,0.0,1.2902658320073381,1.0709088323950333
1366,c:\dev\monitor-backend_for_badger\simulations\data_worst_day\data_unified_2020_03_ETHUSDT.csv,1584053253747003.8,19505626969.69697,0.007771849744632836,125122020.77490383,12530657243.114218,975281348.4848486,6974969726.582754,0.0,1.2847999275865416,1.0709088323950333
1367,c:\dev\monitor-backend_for_badger\simulations\data_worst_day\data_unified_2020_03_ETHUSDT.csv,1584053306534894.2,19505626969.69697,0.007792307793391295,125122020.77490383,12530657243.114218,975281348.4848486,6974969726.582754,0.0,1.2814267934316352,1.0709088323950333
1368,c:\dev\monitor-backend_for_badger\simulations\data_worst_day\data_unified_2020_03_ETHUSDT.csv,1584053372895705.0,19505626969.69697,0.007858144779043836,125122020.77490383,12530657243.114218,975281348.4848486,6974969726.582754,0.0,1.270690763517943,1.0709088323950333
1369,c:\dev\monitor-backend_for_badger\simulations\data_worst_day\data_unified_2020_03_ETHUSDT.csv,1584053429740822.5,19505626969.69697,0.007861543677553186,125122020.77490383,12530657243.114218,975281348.4848486,6974969726.582754,0.0,1.2701413868154643,1.0709088323950333
1370,c:\dev\monitor-backend_for_badger\simulations\data_worst_day\data_unified_2020_03_ETHUSDT.csv,1584053490540029.0,19505626969.69697,0.007853318290739628,125122020.77490383,12530657243.114218,975281348.4848486,6974969726.582754,0.0,1.2714717039919354,1.0709088323950333
1371,c:\dev\monitor-backend_for_badger\simulations\data_worst_day\data_unified_2020_03_ETHUSDT.csv,1584053554189942.8,19505626969.69697,0.007876819209562465,125122020.77490383,12530657243.114218,975281348.4848486,6974969726.582754,0.0,1.267678198960771,1.0709088323950333
1372,c:\dev\monitor-backend_for_badger\simulations\data_worst_day\data_unified_2020_03_ETHUSDT.csv,1584053611093522.0,19505626969.69697,0.00788566238673519,125122020.77490383,12530657243.114218,975281348.4848486,6974969726.582754,0.0,1.2662565932209324,1.0709088323950333
1373,c:\dev\monitor-backend_for_badger\simulations\data_worst_day\data_unified_2020_03_ETHUSDT.csv,1584053670048940.0,19505626969.69697,0.007890559090921295,125122020.77490383,12530657243.114218,975281348.4848486,6974969726.582754,0.0,1.2654707827492966,1.0709088323950333
1374,c:\dev\monitor-backend_for_badger\simulations\data_worst_day\data_unified_2020_03_ETHUSDT.csv,1584053729652309.8,19505626969.69697,0.007829523955043141,125122020.77490383,12530657243.114218,975281348.4848486,6974969726.582754,0.0,1.2753357734713935,1.0709088323950333
1375,c:\dev\monitor-backend_for_badger\simulations\data_worst_day\data_unified_2020_03_ETHUSDT.csv,1584053789159158.0,19505626969.69697,0.007810078156312435,125122020.77490383,12530657243.114218,975281348.4848486,6974969726.582754,0.0,1.2785111479386708,1.0709088323950333
1376,c:\dev\monitor-backend_for_badger\simulations\data_worst_day\data_unified_2020_03_ETHUSDT.csv,1584053851516698.2,19505626969.69697,0.007814321909076473,125122020.77490383,12530657243.114218,975281348.4848486,6974969726.582754,0.0,1.2778168221505797,1.0709088323950333
1377,c:\dev\monitor-backend_for_badger\simulations\data_worst_day\data_unified_2020_03_ETHUSDT.csv,1584053908852694.8,19505626969.69697,0.007864352737590757,125122020.77490383,12530657243.114218,975281348.4848486,6974969726.582754,0.0,1.2696877063244156,1.0709088323950333
1378,c:\dev\monitor-backend_for_badger\simulations\data_worst_day\data_unified_2020_03_ETHUSDT.csv,1584053968793673.0,19505626969.69697,0.007862941740704845,125122020.77490383,12530657243.114218,975281348.4848486,6974969726.582754,0.0,1.269915550489969,1.0709088323950333
1379,c:\dev\monitor-backend_for_badger\simulations\data_worst_day\data_unified_2020_03_ETHUSDT.csv,1584054032216398.8,19505626969.69697,0.007870307291439416,125122020.77490383,12530657243.114218,975281348.4848486,6974969726.582754,0.0,1.2687270800695156,1.0709088323950333
1380,c:\dev\monitor-backend_for_badger\simulations\data_worst_day\data_unified_2020_03_ETHUSDT.csv,1584054093262731.5,19505626969.69697,0.007901747030531689,125122020.77490383,12530657243.114218,975281348.4848486,6974969726.582754,0.0,1.2636790257313344,1.0709088323950333
1381,c:\dev\monitor-backend_for_badger\simulations\data_worst_day\data_unified_2020_03_ETHUSDT.csv,1584054150328434.0,19505626969.69697,0.00797403043982344,125122020.77490383,12530657243.114218,975281348.4848486,6974969726.582754,0.0,1.2522239618311317,1.0709088323950333
1382,c:\dev\monitor-backend_for_badger\simulations\data_worst_day\data_unified_2020_03_ETHUSDT.csv,1584054208414452.0,19505626969.69697,0.007959555472998488,125122020.77490383,12530657243.114218,975281348.4848486,6974969726.582754,0.0,1.2545012121582895,1.0709088323950333
1383,c:\dev\monitor-backend_for_badger\simulations\data_worst_day\data_unified_2020_03_ETHUSDT.csv,1584054263292998.2,19505626969.69697,0.007972563539485429,125122020.77490383,12530657243.114218,975281348.4848486,6974969726.582754,0.0,1.2524543629742242,1.0709088323950333
1384,c:\dev\monitor-backend_for_badger\simulations\data_worst_day\data_unified_2020_03_ETHUSDT.csv,1584054329954098.5,19505626969.69697,0.00797599687910548,125122020.77490383,12530657243.114218,975281348.4848486,6974969726.582754,0.0,1.2519152327248169,1.0709088323950333
1385,c:\dev\monitor-backend_for_badger\simulations\data_worst_day\data_unified_2020_03_ETHUSDT.csv,1584054389999835.0,19505626969.69697,0.007920710157821972,125122020.77490383,12530657243.114218,975281348.4848486,6974969726.582754,0.0,1.2606536270307722,1.0709088323950333
1386,c:\dev\monitor-backend_for_badger\simulations\data_worst_day\data_unified_2020_03_ETHUSDT.csv,1584054452439693.5,19505626969.69697,0.00789456031508689,125122020.77490383,12530657243.114218,975281348.4848486,6974969726.582754,0.0,1.2648294003195346,1.0709088323950333
1387,c:\dev\monitor-backend_for_badger\simulations\data_worst_day\data_unified_2020_03_ETHUSDT.csv,1584054511318154.8,19505626969.69697,0.00795784943784643,125122020.77490383,12530657243.114218,975281348.4848486,6974969726.582754,0.0,1.254770157076506,1.0709088323950333
1388,c:\dev\monitor-backend_for_badger\simulations\data_worst_day\data_unified_2020_03_ETHUSDT.csv,1584054570793833.0,19505626969.69697,0.008049684118360675,125122020.77490383,12530657243.114218,975281348.4848486,6974969726.582754,0.0,1.2404551336793646,1.0709088323950333
1389,c:\dev\monitor-backend_for_badger\simulations\data_worst_day\data_unified_2020_03_ETHUSDT.csv,1584054630971606.8,19505626969.69697,0.008142934602973556,125122020.77490383,12530657243.114218,975281348.4848486,6974969726.582754,0.0,1.2262498074676207,1.0709088323950333
1390,c:\dev\monitor-backend_for_badger\simulations\data_worst_day\data_unified_2020_03_ETHUSDT.csv,1584054691432420.0,19505626969.69697,0.008218526596296755,125122020.77490383,12530657243.114218,975281348.4848486,6974969726.582754,0.0,1.2149710622847025,1.0709088323950333
1391,c:\dev\monitor-backend_for_badger\simulations\data_worst_day\data_unified_2020_03_ETHUSDT.csv,1584054750271146.5,19505626969.69697,0.008324115393904354,120656925.80743304,10580094546.14452,975281348.4848486,8925532423.552452,502160279.57238615,1.1995595347500636,1.0709088323950333
1392,c:\dev\monitor-backend_for_badger\simulations\data_worst_day\data_unified_2020_03_ETHUSDT.csv,1584054810875628.5,19505626969.69697,0.00815791928958712,120656925.80743304,10580094546.14452,0.0,8925532423.552452,12925335.154918063,1.3979231688651244,1.0709088323950333
1393,c:\dev\monitor-backend_for_badger\simulations\data_worst_day\data_unified_2020_03_ETHUSDT.csv,1584054872429726.2,19505626969.69697,0.008221321425499209,120656925.80743304,10580094546.14452,0.0,8925532423.552452,80019722.40085752,1.3871425035487013,1.0709088323950333
1394,c:\dev\monitor-backend_for_badger\simulations\data_worst_day\data_unified_2020_03_ETHUSDT.csv,1584054931490988.0,19505626969.69697,0.008257099299571292,120656925.80743304,10580094546.14452,0.0,8925532423.552452,117426364.99675903,1.3811320381284082,1.0709088323950333
1395,c:\dev\monitor-backend_for_badger\simulations\data_worst_day\data_unified_2020_03_ETHUSDT.csv,1584054990762311.0,19505626969.69697,0.008223635185524932,119911095.34470385,10415197228.086536,975281348.4848486,9090429741.610435,0.0,1.3867522242133117,1.0709088323950333
1396,c:\dev\monitor-backend_for_badger\simulations\data_worst_day\data_unified_2020_03_ETHUSDT.csv,1584055047972950.0,19505626969.69697,0.0080771232436441,119911095.34470385,10415197228.086536,0.0,9090429741.610435,0.0,1.425394773912181,1.0709088323950333
1397,c:\dev\monitor-backend_for_badger\simulations\data_worst_day\data_unified_2020_03_ETHUSDT.csv,1584055109014425.8,19505626969.69697,0.008117827994791299,119911095.34470385,10415197228.086536,0.0,9090429741.610435,0.0,1.4182475000852608,1.0709088323950333
1398,c:\dev\monitor-backend_for_badger\simulations\data_worst_day\data_unified_2020_03_ETHUSDT.csv,1584055169811272.2,19505626969.69697,0.008214103206297403,119911095.34470385,10415197228.086536,0.0,9090429741.610435,0.0,1.4016246169038038,1.0709088323950333
1399,c:\dev\monitor-backend_for_badger\simulations\data_worst_day\data_unified_2020_03_ETHUSDT.csv,1584055230629774.0,19505626969.69697,0.008275842023473484,119911095.34470385,10415197228.086536,0.0,9090429741.610435,0.0,1.391168321855267,1.0709088323950333
1400,c:\dev\monitor-backend_for_badger\simulations\data_worst_day\data_unified_2020_03_ETHUSDT.csv,1584055287229571.2,19505626969.69697,0.008159376081828767,119911095.34470385,10415197228.086536,0.0,9090429741.610435,0.0,1.4110256892527582,1.0709088323950333
1401,c:\dev\monitor-backend_for_badger\simulations\data_worst_day\data_unified_2020_03_ETHUSDT.csv,1584055354413502.5,19505626969.69697,0.008328450676828211,119911095.34470385,10415197228.086536,0.0,9090429741.610435,0.0,1.3823806739670248,1.0709088323950333
1402,c:\dev\monitor-backend_for_badger\simulations\data_worst_day\data_unified_2020_03_ETHUSDT.csv,1584055410544094.5,19505626969.69697,0.008497730683659927,119911095.34470385,10415197228.086536,0.0,9090429741.610435,0.0,1.3548428031348574,1.0709088323950333
1403,c:\dev\monitor-backend_for_badger\simulations\data_worst_day\data_unified_2020_03_ETHUSDT.csv,1584055470703401.8,19505626969.69697,0.008841626914649575,119911095.34470385,10415197228.086536,0.0,9090429741.610435,0.0,1.3021460157585953,1.0709088323950333
1404,c:\dev\monitor-backend_for_badger\simulations\data_worst_day\data_unified_2020_03_ETHUSDT.csv,1584055530487623.2,19505626969.69697,0.008703775697897697,119911095.34470385,10415197228.086536,0.0,9090429741.610435,0.0,1.3227695266223103,1.0709088323950333
1405,c:\dev\monitor-backend_for_badger\simulations\data_worst_day\data_unified_2020_03_ETHUSDT.csv,1584055590197991.2,19505626969.69697,0.009018533754198189,119911095.34470385,10415197228.086536,0.0,9090429741.610435,0.0,1.2766032232651436,1.0709088323950333
1406,c:\dev\monitor-backend_for_badger\simulations\data_worst_day\data_unified_2020_03_ETHUSDT.csv,1584055648804384.8,19505626969.69697,0.009273666690782298,119911095.34470385,10415197228.086536,0.0,9090429741.610435,0.0,1.2414818909955558,1.0709088323950333
1407,c:\dev\monitor-backend_for_badger\simulations\data_worst_day\data_unified_2020_03_ETHUSDT.csv,1584055689547604.8,19505626969.69697,0.009659360258294272,119911095.34470385,10415197228.086536,0.0,9090429741.610435,1274880661.785518,1.191910121568235,1.0709088323950333
1408,c:\dev\monitor-backend_for_badger\simulations\data_worst_day\data_unified_2020_03_ETHUSDT.csv,1584055832947458.0,19505626969.69697,0.008858819697214642,119911095.34470385,10415197228.086536,0.0,9090429741.610435,614993675.8422794,1.2996188717278905,1.0709088323950333
1409,c:\dev\monitor-backend_for_badger\simulations\data_worst_day\data_unified_2020_03_ETHUSDT.csv,1584055888110824.5,19505626969.69697,0.009471015153405208,119911095.34470385,10415197228.086536,0.0,9090429741.610435,1129662849.2156317,1.215613012254076,1.0709088323950333
1410,c:\dev\monitor-backend_for_badger\simulations\data_worst_day\data_unified_2020_03_ETHUSDT.csv,1584055949779833.5,19505626969.69697,0.009358664805022008,119911095.34470385,10415197228.086536,0.0,9090429741.610435,1040255246.9572375,1.2302063915738064,1.0709088323950333
1411,c:\dev\monitor-backend_for_badger\simulations\data_worst_day\data_unified_2020_03_ETHUSDT.csv,1584056011241872.5,19505626969.69697,0.009443402218881985,119911095.34470385,10415197228.086536,0.0,9090429741.610435,1107885852.1525066,1.219167519595279,1.0709088323950333
1412,c:\dev\monitor-backend_for_badger\simulations\data_worst_day\data_unified_2020_03_ETHUSDT.csv,1584056067870706.5,19505626969.69697,0.009480432251360698,119911095.34470385,10415197228.086536,0.0,9090429741.610435,1137060653.988498,1.2144055201789419,1.0709088323950333
1413,c:\dev\monitor-backend_for_badger\simulations\data_worst_day\data_unified_2020_03_ETHUSDT.csv,1584056131098120.5,19505626969.69697,0.009345849562485473,119911095.34470385,10415197228.086536,0.0,9090429741.610435,1029920386.907327,1.2318932786965455,1.0709088323950333
1414,c:\dev\monitor-backend_for_badger\simulations\data_worst_day\data_unified_2020_03_ETHUSDT.csv,1584056187893456.5,19505626969.69697,0.009292619300105054,119911095.34470385,10415197228.086536,0.0,9090429741.610435,986687710.3008468,1.2389498469613136,1.0709088323950333
1415,c:\dev\monitor-backend_for_badger\simulations\data_worst_day\data_unified_2020_03_ETHUSDT.csv,1584056247318581.5,19505626969.69697,0.00941160547337394,119911095.34470385,10415197228.086536,0.0,9090429741.610435,1082650991.0732496,1.223286429962051,1.0709088323950333
1416,c:\dev\monitor-backend_for_badger\simulations\data_worst_day\data_unified_2020_03_ETHUSDT.csv,1584056311399916.5,19505626969.69697,0.0093452832819563,119911095.34470385,10415197228.086536,0.0,9090429741.610435,1029463055.7172753,1.2319679256769203,1.0709088323950333
1417,c:\dev\monitor-backend_for_badger\simulations\data_worst_day\data_unified_2020_03_ETHUSDT.csv,1584056367201530.0,19505626969.69697,0.009370339129130444,119911095.34470385,10415197228.086536,0.0,9090429741.610435,1049645406.9783657,1.2286737012477056,1.0709088323950333
1418,c:\dev\monitor-backend_for_badger\simulations\data_worst_day\data_unified_2020_03_ETHUSDT.csv,1584056432518878.2,19505626969.69697,0.00931922035001973,119911095.34470385,10415197228.086536,0.0,9090429741.610435,1008354346.9824524,1.2354133529754483,1.0709088323950333
1419,c:\dev\monitor-backend_for_badger\simulations\data_worst_day\data_unified_2020_03_ETHUSDT.csv,1584056489871254.5,19505626969.69697,0.009272230187678407,119911095.34470385,10415197228.086536,0.0,9090429741.610435,969996554.1799916,1.2416742279580493,1.0709088323950333
1420,c:\dev\monitor-backend_for_badger\simulations\data_worst_day\data_unified_2020_03_ETHUSDT.csv,1584056550935540.2,19505626969.69697,0.009219884438172156,119911095.34470385,10415197228.086536,0.0,9090429741.610435,926806655.1242445,1.2487238139415746,1.0709088323950333
1421,c:\dev\monitor-backend_for_badger\simulations\data_worst_day\data_unified_2020_03_ETHUSDT.csv,1584056611684727.0,19505626969.69697,0.009230833726814495,119911095.34470385,10415197228.086536,0.0,9090429741.610435,935881306.4586035,1.2472426218978168,1.0709088323950333
1422,c:\dev\monitor-backend_for_badger\simulations\data_worst_day\data_unified_2020_03_ETHUSDT.csv,1584056668798643.2,19505626969.69697,0.009292088359355511,119911095.34470385,10415197228.086536,0.0,9090429741.610435,986253994.7129867,1.239020639331656,1.0709088323950333
1423,c:\dev\monitor-backend_for_badger\simulations\data_worst_day\data_unified_2020_03_ETHUSDT.csv,1584056731461452.0,19505626969.69697,0.009369694075988809,119911095.34470385,10415197228.086536,0.0,9090429741.610435,1049127173.78901,1.22875828883665,1.0709088323950333
1424,c:\dev\monitor-backend_for_badger\simulations\data_worst_day\data_unified_2020_03_ETHUSDT.csv,1584056790564175.5,19505626969.69697,0.009538303419245536,119911095.34470385,10415197228.086536,0.0,9090429741.610435,1182201887.5835466,1.2070374314686638,1.0709088323950333
1425,c:\dev\monitor-backend_for_badger\simulations\data_worst_day\data_unified_2020_03_ETHUSDT.csv,1584056848381228.0,19505626969.69697,0.009760232011104692,119911095.34470385,10415197228.086536,0.0,9090429741.610435,1350350168.4096272,1.1795917603839643,1.0709088323950333
1426,c:\dev\monitor-backend_for_badger\simulations\data_worst_day\data_unified_2020_03_ETHUSDT.csv,1584056912032104.2,19505626969.69697,0.009792996706722264,114658085.47609198,8464634531.116839,975281348.4848486,11040992438.580133,399247959.18495595,1.175645168126311,1.0709088323950333
1427,c:\dev\monitor-backend_for_badger\simulations\data_worst_day\data_unified_2020_03_ETHUSDT.csv,1584056966969186.5,19505626969.69697,0.009611595024466351,114658085.47609198,8464634531.116839,0.0,11040992438.580133,0.0,1.4092920762141696,1.0709088323950333
1428,c:\dev\monitor-backend_for_badger\simulations\data_worst_day\data_unified_2020_03_ETHUSDT.csv,1584057028736201.8,19505626969.69697,0.009477224963616668,114658085.47609198,8464634531.116839,0.0,11040992438.580133,0.0,1.4292733115191094,1.0709088323950333
1429,c:\dev\monitor-backend_for_badger\simulations\data_worst_day\data_unified_2020_03_ETHUSDT.csv,1584057089458517.2,19505626969.69697,0.009350403975992799,114658085.47609198,8464634531.116839,0.0,11040992438.580133,0.0,1.4486587683845757,1.0709088323950333
1430,c:\dev\monitor-backend_for_badger\simulations\data_worst_day\data_unified_2020_03_ETHUSDT.csv,1584057152985542.0,19505626969.69697,0.009009771170230602,114658085.47609198,8464634531.116839,0.0,11040992438.580133,0.0,1.5034282726864499,1.0709088323950333
1431,c:\dev\monitor-backend_for_badger\simulations\data_worst_day\data_unified_2020_03_ETHUSDT.csv,1584057206116232.8,19505626969.69697,0.00916232958744495,114658085.47609198,8464634531.116839,0.0,11040992438.580133,0.0,1.4783952681991808,1.0709088323950333
1432,c:\dev\monitor-backend_for_badger\simulations\data_worst_day\data_unified_2020_03_ETHUSDT.csv,1584057270514826.0,19505626969.69697,0.009513624921621416,114658085.47609198,8464634531.116839,0.0,11040992438.580133,0.0,1.42380478727675,1.0709088323950333
1433,c:\dev\monitor-backend_for_badger\simulations\data_worst_day\data_unified_2020_03_ETHUSDT.csv,1584057328381321.2,19505626969.69697,0.009334752729641363,114658085.47609198,8464634531.116839,0.0,11040992438.580133,0.0,1.4510876827779007,1.0709088323950333
1434,c:\dev\monitor-backend_for_badger\simulations\data_worst_day\data_unified_2020_03_ETHUSDT.csv,1584057391976578.5,19505626969.69697,0.009397882520291433,114658085.47609198,8464634531.116839,0.0,11040992438.580133,0.0,1.4413400761834503,1.0709088323950333
1435,c:\dev\monitor-backend_for_badger\simulations\data_worst_day\data_unified_2020_03_ETHUSDT.csv,1584057447559861.8,19505626969.69697,0.009546075047619111,114658085.47609198,8464634531.116839,0.0,11040992438.580133,0.0,1.4189648248301132,1.0709088323950333
1436,c:\dev\monitor-backend_for_badger\simulations\data_worst_day\data_unified_2020_03_ETHUSDT.csv,1584057510207314.0,19505626969.69697,0.009405003286807101,114658085.47609198,8464634531.116839,0.0,11040992438.580133,0.0,1.4402488010568828,1.0709088323950333
1437,c:\dev\monitor-backend_for_badger\simulations\data_worst_day\data_unified_2020_03_ETHUSDT.csv,1584057567821996.8,19505626969.69697,0.00935402566141982,114658085.47609198,8464634531.116839,0.0,11040992438.580133,0.0,1.4480978776472515,1.0709088323950333
1438,c:\dev\monitor-backend_for_badger\simulations\data_worst_day\data_unified_2020_03_ETHUSDT.csv,1584057636285306.8,19505626969.69697,0.009282186425119085,114658085.47609198,8464634531.116839,0.0,11040992438.580133,0.0,1.4593053928655808,1.0709088323950333
1439,c:\dev\monitor-backend_for_badger\simulations\data_worst_day\data_unified_2020_03_ETHUSDT.csv,1584057687575142.8,19505626969.69697,0.009005091495369015,114658085.47609198,8464634531.116839,0.0,11040992438.580133,0.0,1.5042095590839848,1.0709088323950333
1440,c:\dev\monitor-backend_for_badger\simulations\data_worst_day\data_unified_2020_03_ETHUSDT.csv,1584057750175328.5,19505626969.69697,0.009061797882341576,114658085.47609198,8464634531.116839,0.0,11040992438.580133,0.0,1.4947966047836623,1.0709088323950333
1441,c:\dev\monitor-backend_for_badger\simulations\data_worst_day\data_unified_2020_03_ETHUSDT.csv,1584057806930621.0,19505626969.69697,0.008800054743616273,114658085.47609198,8464634531.116839,0.0,11040992438.580133,0.0,1.5392568685537056,1.0709088323950333
1442,c:\dev\monitor-backend_for_badger\simulations\data_worst_day\data_unified_2020_03_ETHUSDT.csv,1584057870912316.5,19505626969.69697,0.00886471151362513,114658085.47609198,8464634531.116839,0.0,11040992438.580133,0.0,1.5280299518986447,1.0709088323950333
1443,c:\dev\monitor-backend_for_badger\simulations\data_worst_day\data_unified_2020_03_ETHUSDT.csv,1584057928164680.0,19505626969.69697,0.009069827719628575,114658085.47609198,8464634531.116839,0.0,11040992438.580133,0.0,1.4934732088069564,1.0709088323950333
1444,c:\dev\monitor-backend_for_badger\simulations\data_worst_day\data_unified_2020_03_ETHUSDT.csv,1584057990331785.8,19505626969.69697,0.009254816545418954,114658085.47609198,8464634531.116839,0.0,11040992438.580133,0.0,1.4636210930042566,1.0709088323950333
1445,c:\dev\monitor-backend_for_badger\simulations\data_worst_day\data_unified_2020_03_ETHUSDT.csv,1584058047758159.8,19505626969.69697,0.009198980260571074,114658085.47609198,8464634531.116839,0.0,11040992438.580133,0.0,1.4725050303476852,1.0709088323950333
1446,c:\dev\monitor-backend_for_badger\simulations\data_worst_day\data_unified_2020_03_ETHUSDT.csv,1584058110940305.5,19505626969.69697,0.009253706152796576,114658085.47609198,8464634531.116839,0.0,11040992438.580133,0.0,1.463796719292448,1.0709088323950333
1447,c:\dev\monitor-backend_for_badger\simulations\data_worst_day\data_unified_2020_03_ETHUSDT.csv,1584058171658859.5,19505626969.69697,0.009372678661107949,114658085.47609198,8464634531.116839,0.0,11040992438.580133,0.0,1.4452159513338894,1.0709088323950333
1448,c:\dev\monitor-backend_for_badger\simulations\data_worst_day\data_unified_2020_03_ETHUSDT.csv,1584058232891410.2,19505626969.69697,0.009349674530597743,114658085.47609198,8464634531.116839,0.0,11040992438.580133,0.0,1.4487717902297905,1.0709088323950333
1449,c:\dev\monitor-backend_for_badger\simulations\data_worst_day\data_unified_2020_03_ETHUSDT.csv,1584058291498185.5,19505626969.69697,0.009232436860969712,114658085.47609198,8464634531.116839,0.0,11040992438.580133,0.0,1.467168951354977,1.0709088323950333
1450,c:\dev\monitor-backend_for_badger\simulations\data_worst_day\data_unified_2020_03_ETHUSDT.csv,1584058349809312.2,19505626969.69697,0.009359970808776699,114658085.47609198,8464634531.116839,0.0,11040992438.580133,0.0,1.4471780932327825,1.0709088323950333
1451,c:\dev\monitor-backend_for_badger\simulations\data_worst_day\data_unified_2020_03_ETHUSDT.csv,1584058412541388.5,19505626969.69697,0.009336041214158942,114658085.47609198,8464634531.116839,0.0,11040992438.580133,0.0,1.4508874154515232,1.0709088323950333
1452,c:\dev\monitor-backend_for_badger\simulations\data_worst_day\data_unified_2020_03_ETHUSDT.csv,1584058470725251.2,19505626969.69697,0.009221152272616296,114658085.47609198,8464634531.116839,0.0,11040992438.580133,0.0,1.4689644316996755,1.0709088323950333
1453,c:\dev\monitor-backend_for_badger\simulations\data_worst_day\data_unified_2020_03_ETHUSDT.csv,1584058530515763.8,19505626969.69697,0.009208233928452214,114658085.47609198,8464634531.116839,0.0,11040992438.580133,0.0,1.4710252598933269,1.0709088323950333
1454,c:\dev\monitor-backend_for_badger\simulations\data_worst_day\data_unified_2020_03_ETHUSDT.csv,1584058590541577.5,19505626969.69697,0.00914414367746488,114658085.47609198,8464634531.116839,0.0,11040992438.580133,0.0,1.4813355066961644,1.0709088323950333
1455,c:\dev\monitor-backend_for_badger\simulations\data_worst_day\data_unified_2020_03_ETHUSDT.csv,1584058648285040.8,19505626969.69697,0.009165161754980776,114658085.47609198,8464634531.116839,0.0,11040992438.580133,0.0,1.477938422679631,1.0709088323950333
1456,c:\dev\monitor-backend_for_badger\simulations\data_worst_day\data_unified_2020_03_ETHUSDT.csv,1584058708933776.2,19505626969.69697,0.009236594271323567,114658085.47609198,8464634531.116839,0.0,11040992438.580133,0.0,1.466508575548696,1.0709088323950333
1457,c:\dev\monitor-backend_for_badger\simulations\data_worst_day\data_unified_2020_03_ETHUSDT.csv,1584058773094605.5,19505626969.69697,0.00922872859744802,114658085.47609198,8464634531.116839,975281348.4848486,11040992438.580133,0.0,1.467758485335202,1.0709088323950333
1458,c:\dev\monitor-backend_for_badger\simulations\data_worst_day\data_unified_2020_03_ETHUSDT.csv,1584058828557453.8,19505626969.69697,0.00925402828530672,114658085.47609198,8464634531.116839,975281348.4848486,11040992438.580133,0.0,1.4637457645625738,1.0709088323950333
1459,c:\dev\monitor-backend_for_badger\simulations\data_worst_day\data_unified_2020_03_ETHUSDT.csv,1584058889889598.2,19505626969.69697,0.009302425902313293,114658085.47609198,8464634531.116839,975281348.4848486,11040992438.580133,0.0,1.456130352448334,1.0709088323950333
1460,c:\dev\monitor-backend_for_badger\simulations\data_worst_day\data_unified_2020_03_ETHUSDT.csv,1584058950732377.0,19505626969.69697,0.009397033565232218,114658085.47609198,8464634531.116839,975281348.4848486,11040992438.580133,0.0,1.4414702909944574,1.0709088323950333
1461,c:\dev\monitor-backend_for_badger\simulations\data_worst_day\data_unified_2020_03_ETHUSDT.csv,1584059010017544.0,19505626969.69697,0.009445794245229176,114658085.47609198,8464634531.116839,975281348.4848486,11040992438.580133,0.0,1.4340291939559735,1.0709088323950333
1462,c:\dev\monitor-backend_for_badger\simulations\data_worst_day\data_unified_2020_03_ETHUSDT.csv,1584059068109216.8,19505626969.69697,0.009507435133881805,114658085.47609198,8464634531.116839,975281348.4848486,11040992438.580133,0.0,1.4247317512046425,1.0709088323950333
1463,c:\dev\monitor-backend_for_badger\simulations\data_worst_day\data_unified_2020_03_ETHUSDT.csv,1584059129123526.8,19505626969.69697,0.009455348321464932,114658085.47609198,8464634531.116839,975281348.4848486,11040992438.580133,0.0,1.4325801913621448,1.0709088323950333
1464,c:\dev\monitor-backend_for_badger\simulations\data_worst_day\data_unified_2020_03_ETHUSDT.csv,1584059190261025.0,19505626969.69697,0.009471511610181407,114658085.47609198,8464634531.116839,975281348.4848486,11040992438.580133,0.0,1.4301354699496094,1.0709088323950333
1465,c:\dev\monitor-backend_for_badger\simulations\data_worst_day\data_unified_2020_03_ETHUSDT.csv,1584059250453882.8,19505626969.69697,0.009453652055689599,114658085.47609198,8464634531.116839,975281348.4848486,11040992438.580133,0.0,1.4328372387692965,1.0709088323950333
1466,c:\dev\monitor-backend_for_badger\simulations\data_worst_day\data_unified_2020_03_ETHUSDT.csv,1584059313455035.8,19505626969.69697,0.009402453155151381,114658085.47609198,8464634531.116839,975281348.4848486,11040992438.580133,0.0,1.4406394250779844,1.0709088323950333
1467,c:\dev\monitor-backend_for_badger\simulations\data_worst_day\data_unified_2020_03_ETHUSDT.csv,1584059370080027.5,19505626969.69697,0.009421389565794176,114658085.47609198,8464634531.116839,975281348.4848486,11040992438.580133,0.0,1.4377438288868958,1.0709088323950333
1468,c:\dev\monitor-backend_for_badger\simulations\data_worst_day\data_unified_2020_03_ETHUSDT.csv,1584059431336375.5,19505626969.69697,0.009418639861543149,114658085.47609198,8464634531.116839,975281348.4848486,11040992438.580133,0.0,1.43816356787005,1.0709088323950333
1469,c:\dev\monitor-backend_for_badger\simulations\data_worst_day\data_unified_2020_03_ETHUSDT.csv,1584059490203811.8,19505626969.69697,0.009385704457681986,114658085.47609198,8464634531.116839,975281348.4848486,11040992438.580133,0.0,1.4432102319899118,1.0709088323950333
1470,c:\dev\monitor-backend_for_badger\simulations\data_worst_day\data_unified_2020_03_ETHUSDT.csv,1584059550000958.5,19505626969.69697,0.009368813239198182,114658085.47609198,8464634531.116839,975281348.4848486,11040992438.580133,0.0,1.4458122242299332,1.0709088323950333
1471,c:\dev\monitor-backend_for_badger\simulations\data_worst_day\data_unified_2020_03_ETHUSDT.csv,1584059609846875.0,19505626969.69697,0.009329424542290476,114658085.47609198,8464634531.116839,975281348.4848486,11040992438.580133,0.0,1.4519164227501635,1.0709088323950333
1472,c:\dev\monitor-backend_for_badger\simulations\data_worst_day\data_unified_2020_03_ETHUSDT.csv,1584059672099742.2,19505626969.69697,0.009275191603760334,114658085.47609198,8464634531.116839,975281348.4848486,11040992438.580133,0.0,1.4604059178969795,1.0709088323950333
1473,c:\dev\monitor-backend_for_badger\simulations\data_worst_day\data_unified_2020_03_ETHUSDT.csv,1584059730743806.2,19505626969.69697,0.00921004527266181,114658085.47609198,8464634531.116839,975281348.4848486,11040992438.580133,0.0,1.4707359526198234,1.0709088323950333
1474,c:\dev\monitor-backend_for_badger\simulations\data_worst_day\data_unified_2020_03_ETHUSDT.csv,1584059791592241.0,19505626969.69697,0.009189728487635144,114658085.47609198,8464634531.116839,975281348.4848486,11040992438.580133,0.0,1.4739874769951702,1.0709088323950333
1475,c:\dev\monitor-backend_for_badger\simulations\data_worst_day\data_unified_2020_03_ETHUSDT.csv,1584059851238364.0,19505626969.69697,0.009277332703745643,114658085.47609198,8464634531.116839,975281348.4848486,11040992438.580133,0.0,1.4600688732755127,1.0709088323950333
1476,c:\dev\monitor-backend_for_badger\simulations\data_worst_day\data_unified_2020_03_ETHUSDT.csv,1584059910712399.0,19505626969.69697,0.009257594798431334,114658085.47609198,8464634531.116839,975281348.4848486,11040992438.580133,0.0,1.4631818525968765,1.0709088323950333
1477,c:\dev\monitor-backend_for_badger\simulations\data_worst_day\data_unified_2020_03_ETHUSDT.csv,1584059969199052.8,19505626969.69697,0.009257790415246962,114658085.47609198,8464634531.116839,975281348.4848486,11040992438.580133,0.0,1.4631509356110894,1.0709088323950333
1478,c:\dev\monitor-backend_for_badger\simulations\data_worst_day\data_unified_2020_03_ETHUSDT.csv,1584060031780729.8,19505626969.69697,0.00925810131497943,114658085.47609198,8464634531.116839,975281348.4848486,11040992438.580133,0.0,1.463101800997094,1.0709088323950333
1479,c:\dev\monitor-backend_for_badger\simulations\data_worst_day\data_unified_2020_03_ETHUSDT.csv,1584060086110510.8,19505626969.69697,0.009289171143538257,114658085.47609198,8464634531.116839,975281348.4848486,11040992438.580133,0.0,1.4582081111921956,1.0709088323950333
1480,c:\dev\monitor-backend_for_badger\simulations\data_worst_day\data_unified_2020_03_ETHUSDT.csv,1584060148029016.8,19505626969.69697,0.00928151908494955,114658085.47609198,8464634531.116839,975281348.4848486,11040992438.580133,0.0,1.4594103167578194,1.0709088323950333
1481,c:\dev\monitor-backend_for_badger\simulations\data_worst_day\data_unified_2020_03_ETHUSDT.csv,1584060204481518.0,19505626969.69697,0.009278667409489412,114658085.47609198,8464634531.116839,975281348.4848486,11040992438.580133,0.0,1.459858847177426,1.0709088323950333
1482,c:\dev\monitor-backend_for_badger\simulations\data_worst_day\data_unified_2020_03_ETHUSDT.csv,1584060272605165.2,19505626969.69697,0.009381153948488695,114658085.47609198,8464634531.116839,975281348.4848486,11040992438.580133,0.0,1.4439102888767918,1.0709088323950333
1483,c:\dev\monitor-backend_for_badger\simulations\data_worst_day\data_unified_2020_03_ETHUSDT.csv,1584060332159323.2,19505626969.69697,0.009490796936997265,114658085.47609198,8464634531.116839,975281348.4848486,11040992438.580133,0.0,1.4272294305398507,1.0709088323950333
1484,c:\dev\monitor-backend_for_badger\simulations\data_worst_day\data_unified_2020_03_ETHUSDT.csv,1584060389274779.0,19505626969.69697,0.009495358502630885,114658085.47609198,8464634531.116839,975281348.4848486,11040992438.580133,0.0,1.4265437902114906,1.0709088323950333
1485,c:\dev\monitor-backend_for_badger\simulations\data_worst_day\data_unified_2020_03_ETHUSDT.csv,1584060449826623.8,19505626969.69697,0.009495456310372054,114658085.47609198,8464634531.116839,975281348.4848486,11040992438.580133,0.0,1.4265290961282115,1.0709088323950333
1486,c:\dev\monitor-backend_for_badger\simulations\data_worst_day\data_unified_2020_03_ETHUSDT.csv,1584060509693035.5,19505626969.69697,0.009571797584395402,114658085.47609198,8464634531.116839,975281348.4848486,11040992438.580133,0.0,1.4151516043175463,1.0709088323950333
1487,c:\dev\monitor-backend_for_badger\simulations\data_worst_day\data_unified_2020_03_ETHUSDT.csv,1584060570862526.2,19505626969.69697,0.009594589886629017,114658085.47609198,8464634531.116839,975281348.4848486,11040992438.580133,0.0,1.411789859474555,1.0709088323950333
1488,c:\dev\monitor-backend_for_badger\simulations\data_worst_day\data_unified_2020_03_ETHUSDT.csv,1584060629727858.5,19505626969.69697,0.009532965251531246,114658085.47609198,8464634531.116839,975281348.4848486,11040992438.580133,0.0,1.4209161945265871,1.0709088323950333
1489,c:\dev\monitor-backend_for_badger\simulations\data_worst_day\data_unified_2020_03_ETHUSDT.csv,1584060687603688.8,19505626969.69697,0.00953369994040532,114658085.47609198,8464634531.116839,975281348.4848486,11040992438.580133,0.0,1.4208066954521843,1.0709088323950333
1490,c:\dev\monitor-backend_for_badger\simulations\data_worst_day\data_unified_2020_03_ETHUSDT.csv,1584060752194952.8,19505626969.69697,0.00957971339115764,114658085.47609198,8464634531.116839,975281348.4848486,11040992438.580133,0.0,1.413982251312749,1.0709088323950333
1491,c:\dev\monitor-backend_for_badger\simulations\data_worst_day\data_unified_2020_03_ETHUSDT.csv,1584060812655289.5,19505626969.69697,0.009550485210741722,114658085.47609198,8464634531.116839,975281348.4848486,11040992438.580133,0.0,1.4183095841586018,1.0709088323950333
1492,c:\dev\monitor-backend_for_badger\simulations\data_worst_day\data_unified_2020_03_ETHUSDT.csv,1584060870563044.5,19505626969.69697,0.00950450178169015,114658085.47609198,8464634531.116839,975281348.4848486,11040992438.580133,0.0,1.4251714628382357,1.0709088323950333
1493,c:\dev\monitor-backend_for_badger\simulations\data_worst_day\data_unified_2020_03_ETHUSDT.csv,1584060930012795.5,19505626969.69697,0.009445601278478995,114658085.47609198,8464634531.116839,975281348.4848486,11040992438.580133,0.0,1.434058490127288,1.0709088323950333
1494,c:\dev\monitor-backend_for_badger\simulations\data_worst_day\data_unified_2020_03_ETHUSDT.csv,1584060989810777.0,19505626969.69697,0.00947060679276962,114658085.47609198,8464634531.116839,975281348.4848486,11040992438.580133,0.0,1.4302721044338338,1.0709088323950333
1495,c:\dev\monitor-backend_for_badger\simulations\data_worst_day\data_unified_2020_03_ETHUSDT.csv,1584061049163666.5,19505626969.69697,0.009426823232609073,114658085.47609198,8464634531.116839,975281348.4848486,11040992438.580133,0.0,1.4369151063428767,1.0709088323950333
1496,c:\dev\monitor-backend_for_badger\simulations\data_worst_day\data_unified_2020_03_ETHUSDT.csv,1584061113006283.0,19505626969.69697,0.009346361334301731,114658085.47609198,8464634531.116839,975281348.4848486,11040992438.580133,0.0,1.449285366065077,1.0709088323950333
1497,c:\dev\monitor-backend_for_badger\simulations\data_worst_day\data_unified_2020_03_ETHUSDT.csv,1584061169298946.0,19505626969.69697,0.009384397599689589,114658085.47609198,8464634531.116839,975281348.4848486,11040992438.580133,0.0,1.4434112114141475,1.0709088323950333
1498,c:\dev\monitor-backend_for_badger\simulations\data_worst_day\data_unified_2020_03_ETHUSDT.csv,1584061229194747.5,19505626969.69697,0.009346002945767467,114658085.47609198,8464634531.116839,975281348.4848486,11040992438.580133,0.0,1.4493409414015166,1.0709088323950333
1499,c:\dev\monitor-backend_for_badger\simulations\data_worst_day\data_unified_2020_03_ETHUSDT.csv,1584061293945339.2,19505626969.69697,0.009258685817820958,114658085.47609198,8464634531.116839,975281348.4848486,11040992438.580133,0.0,1.4630094350634233,1.0709088323950333
1500,c:\dev\monitor-backend_for_badger\simulations\data_worst_day\data_unified_2020_03_ETHUSDT.csv,1584061347654416.8,19505626969.69697,0.00926247800497482,114658085.47609198,8464634531.116839,975281348.4848486,11040992438.580133,0.0,1.462410458679064,1.0709088323950333
1501,c:\dev\monitor-backend_for_badger\simulations\data_worst_day\data_unified_2020_03_ETHUSDT.csv,1584061411929779.5,19505626969.69697,0.009254176159243545,114658085.47609198,8464634531.116839,975281348.4848486,11040992438.580133,0.0,1.463722375138708,1.0709088323950333
1502,c:\dev\monitor-backend_for_badger\simulations\data_worst_day\data_unified_2020_03_ETHUSDT.csv,1584061471043034.8,19505626969.69697,0.009231998033166107,114658085.47609198,8464634531.116839,975281348.4848486,11040992438.580133,0.0,1.4672386908118233,1.0709088323950333
1503,c:\dev\monitor-backend_for_badger\simulations\data_worst_day\data_unified_2020_03_ETHUSDT.csv,1584061528002306.2,19505626969.69697,0.009244817649378985,114658085.47609198,8464634531.116839,975281348.4848486,11040992438.580133,0.0,1.4652040982841754,1.0709088323950333
1504,c:\dev\monitor-backend_for_badger\simulations\data_worst_day\data_unified_2020_03_ETHUSDT.csv,1584061589960098.8,19505626969.69697,0.009220353959614421,114658085.47609198,8464634531.116839,975281348.4848486,11040992438.580133,0.0,1.4690916169910702,1.0709088323950333
1505,c:\dev\monitor-backend_for_badger\simulations\data_worst_day\data_unified_2020_03_ETHUSDT.csv,1584061649954964.0,19505626969.69697,0.009317558432476895,114658085.47609198,8464634531.116839,975281348.4848486,11040992438.580133,0.0,1.453765469347225,1.0709088323950333
1506,c:\dev\monitor-backend_for_badger\simulations\data_worst_day\data_unified_2020_03_ETHUSDT.csv,1584061709377297.8,19505626969.69697,0.009333866325654212,114658085.47609198,8464634531.116839,975281348.4848486,11040992438.580133,0.0,1.4512254873984987,1.0709088323950333
1507,c:\dev\monitor-backend_for_badger\simulations\data_worst_day\data_unified_2020_03_ETHUSDT.csv,1584061770711147.8,19505626969.69697,0.009366436354640902,114658085.47609198,8464634531.116839,975281348.4848486,11040992438.580133,0.0,1.4461791224416307,1.0709088323950333
1508,c:\dev\monitor-backend_for_badger\simulations\data_worst_day\data_unified_2020_03_ETHUSDT.csv,1584061829145596.0,19505626969.69697,0.00937451507931041,114658085.47609198,8464634531.116839,975281348.4848486,11040992438.580133,0.0,1.4449328411295679,1.0709088323950333
1509,c:\dev\monitor-backend_for_badger\simulations\data_worst_day\data_unified_2020_03_ETHUSDT.csv,1584061891259708.2,19505626969.69697,0.009394602967410263,114658085.47609198,8464634531.116839,975281348.4848486,11040992438.580133,0.0,1.441843232199302,1.0709088323950333
1510,c:\dev\monitor-backend_for_badger\simulations\data_worst_day\data_unified_2020_03_ETHUSDT.csv,1584061951009108.0,19505626969.69697,0.009396556173856747,114658085.47609198,8464634531.116839,975281348.4848486,11040992438.580133,0.0,1.4415435247912,1.0709088323950333
1511,c:\dev\monitor-backend_for_badger\simulations\data_worst_day\data_unified_2020_03_ETHUSDT.csv,1584062011925272.0,19505626969.69697,0.009378321984024059,114658085.47609198,8464634531.116839,975281348.4848486,11040992438.580133,0.0,1.4443463053235708,1.0709088323950333
1512,c:\dev\monitor-backend_for_badger\simulations\data_worst_day\data_unified_2020_03_ETHUSDT.csv,1584062074143558.8,19505626969.69697,0.009427969030840836,114658085.47609198,8464634531.116839,975281348.4848486,11040992438.580133,0.0,1.4367404754353446,1.0709088323950333
1513,c:\dev\monitor-backend_for_badger\simulations\data_worst_day\data_unified_2020_03_ETHUSDT.csv,1584062130458407.0,19505626969.69697,0.009404160679799439,114658085.47609198,8464634531.116839,975281348.4848486,11040992438.580133,0.0,1.4403778464628332,1.0709088323950333
1514,c:\dev\monitor-backend_for_badger\simulations\data_worst_day\data_unified_2020_03_ETHUSDT.csv,1584062190847927.8,19505626969.69697,0.009395193597411693,114658085.47609198,8464634531.116839,975281348.4848486,11040992438.580133,0.0,1.441752590547114,1.0709088323950333
1515,c:\dev\monitor-backend_for_badger\simulations\data_worst_day\data_unified_2020_03_ETHUSDT.csv,1584062248849427.2,19505626969.69697,0.009388772308284034,114658085.47609198,8464634531.116839,975281348.4848486,11040992438.580133,0.0,1.4427386524016852,1.0709088323950333
1516,c:\dev\monitor-backend_for_badger\simulations\data_worst_day\data_unified_2020_03_ETHUSDT.csv,1584062309138928.0,19505626969.69697,0.009359031731256484,114658085.47609198,8464634531.116839,975281348.4848486,11040992438.580133,0.0,1.4473233018883491,1.0709088323950333
1517,c:\dev\monitor-backend_for_badger\simulations\data_worst_day\data_unified_2020_03_ETHUSDT.csv,1584062369404725.2,19505626969.69697,0.009381845561290824,114658085.47609198,8464634531.116839,975281348.4848486,11040992438.580133,0.0,1.443803846403998,1.0709088323950333
1518,c:\dev\monitor-backend_for_badger\simulations\data_worst_day\data_unified_2020_03_ETHUSDT.csv,1584062429694372.8,19505626969.69697,0.009405780416412648,114658085.47609198,8464634531.116839,975281348.4848486,11040992438.580133,0.0,1.4401298040217507,1.0709088323950333
1519,c:\dev\monitor-backend_for_badger\simulations\data_worst_day\data_unified_2020_03_ETHUSDT.csv,1584062489342937.5,19505626969.69697,0.0094126603179311,114658085.47609198,8464634531.116839,975281348.4848486,11040992438.580133,0.0,1.439077184370048,1.0709088323950333
1520,c:\dev\monitor-backend_for_badger\simulations\data_worst_day\data_unified_2020_03_ETHUSDT.csv,1584062551872445.8,19505626969.69697,0.00942886136706662,114658085.47609198,8464634531.116839,975281348.4848486,11040992438.580133,0.0,1.436604504025503,1.0709088323950333
1521,c:\dev\monitor-backend_for_badger\simulations\data_worst_day\data_unified_2020_03_ETHUSDT.csv,1584062611030559.0,19505626969.69697,0.009436986057712262,114658085.47609198,8464634531.116839,975281348.4848486,11040992438.580133,0.0,1.4353676719369568,1.0709088323950333
1522,c:\dev\monitor-backend_for_badger\simulations\data_worst_day\data_unified_2020_03_ETHUSDT.csv,1584062673377334.2,19505626969.69697,0.009438714847126566,114658085.47609198,8464634531.116839,975281348.4848486,11040992438.580133,0.0,1.4351047708453284,1.0709088323950333
1523,c:\dev\monitor-backend_for_badger\simulations\data_worst_day\data_unified_2020_03_ETHUSDT.csv,1584062732053785.2,19505626969.69697,0.009368701832245255,114658085.47609198,8464634531.116839,975281348.4848486,11040992438.580133,0.0,1.4458294169570889,1.0709088323950333
1524,c:\dev\monitor-backend_for_badger\simulations\data_worst_day\data_unified_2020_03_ETHUSDT.csv,1584062788651618.8,19505626969.69697,0.00935288503138552,114658085.47609198,8464634531.116839,975281348.4848486,11040992438.580133,0.0,1.4482744802598473,1.0709088323950333
1525,c:\dev\monitor-backend_for_badger\simulations\data_worst_day\data_unified_2020_03_ETHUSDT.csv,1584062849678038.2,19505626969.69697,0.009380879793743755,114658085.47609198,8464634531.116839,975281348.4848486,11040992438.580133,0.0,1.4439524869291778,1.0709088323950333
1526,c:\dev\monitor-backend_for_badger\simulations\data_worst_day\data_unified_2020_03_ETHUSDT.csv,1584062908974196.2,19505626969.69697,0.009385660700510768,114658085.47609198,8464634531.116839,975281348.4848486,11040992438.580133,0.0,1.4432169604237686,1.0709088323950333
1527,c:\dev\monitor-backend_for_badger\simulations\data_worst_day\data_unified_2020_03_ETHUSDT.csv,1584062973085668.8,19505626969.69697,0.009359241640436214,114658085.47609198,8464634531.116839,975281348.4848486,11040992438.580133,0.0,1.4472908413045995,1.0709088323950333
1528,c:\dev\monitor-backend_for_badger\simulations\data_worst_day\data_unified_2020_03_ETHUSDT.csv,1584063028683795.5,19505626969.69697,0.009378916184359236,114658085.47609198,8464634531.116839,975281348.4848486,11040992438.580133,0.0,1.4442547989019474,1.0709088323950333
1529,c:\dev\monitor-backend_for_badger\simulations\data_worst_day\data_unified_2020_03_ETHUSDT.csv,1584063090444930.5,19505626969.69697,0.0093759311158484,114658085.47609198,8464634531.116839,975281348.4848486,11040992438.580133,0.0,1.4447146145158374,1.0709088323950333
1530,c:\dev\monitor-backend_for_badger\simulations\data_worst_day\data_unified_2020_03_ETHUSDT.csv,1584063149502617.2,19505626969.69697,0.009360884326113183,114658085.47609198,8464634531.116839,975281348.4848486,11040992438.580133,0.0,1.4470368648796599,1.0709088323950333
1531,c:\dev\monitor-backend_for_badger\simulations\data_worst_day\data_unified_2020_03_ETHUSDT.csv,1584063209543300.0,19505626969.69697,0.009361195401476443,114658085.47609198,8464634531.116839,975281348.4848486,11040992438.580133,0.0,1.446988779405627,1.0709088323950333
1532,c:\dev\monitor-backend_for_badger\simulations\data_worst_day\data_unified_2020_03_ETHUSDT.csv,1584063268250332.2,19505626969.69697,0.009364214283210147,114658085.47609198,8464634531.116839,975281348.4848486,11040992438.580133,0.0,1.446522292003384,1.0709088323950333
1533,c:\dev\monitor-backend_for_badger\simulations\data_worst_day\data_unified_2020_03_ETHUSDT.csv,1584063330245526.2,19505626969.69697,0.009353063268300748,114658085.47609198,8464634531.116839,975281348.4848486,11040992438.580133,0.0,1.4482468811761715,1.0709088323950333
1534,c:\dev\monitor-backend_for_badger\simulations\data_worst_day\data_unified_2020_03_ETHUSDT.csv,1584063390320278.0,19505626969.69697,0.009348641133918196,114658085.47609198,8464634531.116839,975281348.4848486,11040992438.580133,0.0,1.4489319371362765,1.0709088323950333
1535,c:\dev\monitor-backend_for_badger\simulations\data_worst_day\data_unified_2020_03_ETHUSDT.csv,1584063452776933.8,19505626969.69697,0.00936230932949603,114658085.47609198,8464634531.116839,975281348.4848486,11040992438.580133,0.0,1.4468166166102439,1.0709088323950333
1536,c:\dev\monitor-backend_for_badger\simulations\data_worst_day\data_unified_2020_03_ETHUSDT.csv,1584063510941509.8,19505626969.69697,0.00939525032057761,114658085.47609198,8464634531.116839,975281348.4848486,11040992438.580133,0.0,1.441743886066806,1.0709088323950333
1537,c:\dev\monitor-backend_for_badger\simulations\data_worst_day\data_unified_2020_03_ETHUSDT.csv,1584063568212717.2,19505626969.69697,0.009398723039576638,114658085.47609198,8464634531.116839,975281348.4848486,11040992438.580133,0.0,1.4412111784464414,1.0709088323950333
1538,c:\dev\monitor-backend_for_badger\simulations\data_worst_day\data_unified_2020_03_ETHUSDT.csv,1584063628211536.5,19505626969.69697,0.00937414849756202,114658085.47609198,8464634531.116839,975281348.4848486,11040992438.580133,0.0,1.4449893461025098,1.0709088323950333
1539,c:\dev\monitor-backend_for_badger\simulations\data_worst_day\data_unified_2020_03_ETHUSDT.csv,1584063686201565.8,19505626969.69697,0.009386230461935827,114658085.47609198,8464634531.116839,975281348.4848486,11040992438.580133,0.0,1.4431293545040784,1.0709088323950333
1540,c:\dev\monitor-backend_for_badger\simulations\data_worst_day\data_unified_2020_03_ETHUSDT.csv,1584063750408169.2,19505626969.69697,0.009391058765416451,114658085.47609198,8464634531.116839,975281348.4848486,11040992438.580133,0.0,1.4423873863555023,1.0709088323950333
1541,c:\dev\monitor-backend_for_badger\simulations\data_worst_day\data_unified_2020_03_ETHUSDT.csv,1584063813343989.8,19505626969.69697,0.009425922126001183,114658085.47609198,8464634531.116839,975281348.4848486,11040992438.580133,0.0,1.4370524736667305,1.0709088323950333
1542,c:\dev\monitor-backend_for_badger\simulations\data_worst_day\data_unified_2020_03_ETHUSDT.csv,1584063866235558.5,19505626969.69697,0.009497166199170959,114658085.47609198,8464634531.116839,975281348.4848486,11040992438.580133,0.0,1.426272260976375,1.0709088323950333
1543,c:\dev\monitor-backend_for_badger\simulations\data_worst_day\data_unified_2020_03_ETHUSDT.csv,1584063927823624.8,19505626969.69697,0.00955487672973952,114658085.47609198,8464634531.116839,975281348.4848486,11040992438.580133,0.0,1.4176577145783065,1.0709088323950333
1544,c:\dev\monitor-backend_for_badger\simulations\data_worst_day\data_unified_2020_03_ETHUSDT.csv,1584063992095183.8,19505626969.69697,0.009604551333344905,114658085.47609198,8464634531.116839,975281348.4848486,11040992438.580133,0.0,1.4103256089363376,1.0709088323950333
1545,c:\dev\monitor-backend_for_badger\simulations\data_worst_day\data_unified_2020_03_ETHUSDT.csv,1584064047405552.5,19505626969.69697,0.009589215759552882,114658085.47609198,8464634531.116839,975281348.4848486,11040992438.580133,0.0,1.412581075179766,1.0709088323950333
1546,c:\dev\monitor-backend_for_badger\simulations\data_worst_day\data_unified_2020_03_ETHUSDT.csv,1584064110934456.8,19505626969.69697,0.009577381892174637,114658085.47609198,8464634531.116839,975281348.4848486,11040992438.580133,0.0,1.4143264683668493,1.0709088323950333
1547,c:\dev\monitor-backend_for_badger\simulations\data_worst_day\data_unified_2020_03_ETHUSDT.csv,1584064171117935.8,19505626969.69697,0.009551386617331596,114658085.47609198,8464634531.116839,975281348.4848486,11040992438.580133,0.0,1.4181757320115929,1.0709088323950333
1548,c:\dev\monitor-backend_for_badger\simulations\data_worst_day\data_unified_2020_03_ETHUSDT.csv,1584064228080787.5,19505626969.69697,0.009586520560735027,114658085.47609198,8464634531.116839,975281348.4848486,11040992438.580133,0.0,1.4129782147696548,1.0709088323950333
1549,c:\dev\monitor-backend_for_badger\simulations\data_worst_day\data_unified_2020_03_ETHUSDT.csv,1584064291977743.8,19505626969.69697,0.009683285002618412,114658085.47609198,8464634531.116839,975281348.4848486,11040992438.580133,0.0,1.398858414690591,1.0709088323950333
1550,c:\dev\monitor-backend_for_badger\simulations\data_worst_day\data_unified_2020_03_ETHUSDT.csv,1584064348621293.5,19505626969.69697,0.00974956844304599,114658085.47609198,8464634531.116839,975281348.4848486,11040992438.580133,0.0,1.3893481323700545,1.0709088323950333
1551,c:\dev\monitor-backend_for_badger\simulations\data_worst_day\data_unified_2020_03_ETHUSDT.csv,1584064410658024.0,19505626969.69697,0.009821693719700457,114658085.47609198,8464634531.116839,975281348.4848486,11040992438.580133,0.0,1.3791455012072074,1.0709088323950333
1552,c:\dev\monitor-backend_for_badger\simulations\data_worst_day\data_unified_2020_03_ETHUSDT.csv,1584064469161712.2,19505626969.69697,0.00989502932489254,114658085.47609198,8464634531.116839,975281348.4848486,11040992438.580133,0.0,1.3689241601016755,1.0709088323950333
1553,c:\dev\monitor-backend_for_badger\simulations\data_worst_day\data_unified_2020_03_ETHUSDT.csv,1584064528115301.8,19505626969.69697,0.010198645647487355,114658085.47609198,8464634531.116839,975281348.4848486,11040992438.580133,0.0,1.3281709332745757,1.0709088323950333
1554,c:\dev\monitor-backend_for_badger\simulations\data_worst_day\data_unified_2020_03_ETHUSDT.csv,1584064586275262.0,19505626969.69697,0.010299107032905173,114658085.47609198,8464634531.116839,975281348.4848486,11040992438.580133,0.0,1.3152154516389212,1.0709088323950333
1555,c:\dev\monitor-backend_for_badger\simulations\data_worst_day\data_unified_2020_03_ETHUSDT.csv,1584064650583746.2,19505626969.69697,0.010307008784766153,114658085.47609198,8464634531.116839,975281348.4848486,11040992438.580133,0.0,1.3142071565690718,1.0709088323950333
1556,c:\dev\monitor-backend_for_badger\simulations\data_worst_day\data_unified_2020_03_ETHUSDT.csv,1584064707712208.5,19505626969.69697,0.0103134573858542,114658085.47609198,8464634531.116839,975281348.4848486,11040992438.580133,0.0,1.3133854342908182,1.0709088323950333
1557,c:\dev\monitor-backend_for_badger\simulations\data_worst_day\data_unified_2020_03_ETHUSDT.csv,1584064771643126.8,19505626969.69697,0.010505832380963838,114658085.47609198,8464634531.116839,975281348.4848486,11040992438.580133,0.0,1.289335696265626,1.0709088323950333
1558,c:\dev\monitor-backend_for_badger\simulations\data_worst_day\data_unified_2020_03_ETHUSDT.csv,1584064829892036.2,19505626969.69697,0.010382686588491069,114658085.47609198,8464634531.116839,975281348.4848486,11040992438.580133,0.0,1.304628102978168,1.0709088323950333
1559,c:\dev\monitor-backend_for_badger\simulations\data_worst_day\data_unified_2020_03_ETHUSDT.csv,1584064892273572.8,19505626969.69697,0.010711802965869072,114658085.47609198,8464634531.116839,975281348.4848486,11040992438.580133,0.0,1.2645438635232578,1.0709088323950333
1560,c:\dev\monitor-backend_for_badger\simulations\data_worst_day\data_unified_2020_03_ETHUSDT.csv,1584064950575940.5,19505626969.69697,0.010990433722355978,114658085.47609198,8464634531.116839,975281348.4848486,11040992438.580133,0.0,1.2324850001330303,1.0709088323950333
1561,c:\dev\monitor-backend_for_badger\simulations\data_worst_day\data_unified_2020_03_ETHUSDT.csv,1584065007051298.8,19505626969.69697,0.010611302528538338,114658085.47609198,8464634531.116839,975281348.4848486,11040992438.580133,0.0,1.2765204527276643,1.0709088323950333
1562,c:\dev\monitor-backend_for_badger\simulations\data_worst_day\data_unified_2020_03_ETHUSDT.csv,1584065068619940.0,19505626969.69697,0.010348056403270502,114658085.47609198,8464634531.116839,975281348.4848486,11040992438.580133,0.0,1.3089940931785897,1.0709088323950333
1563,c:\dev\monitor-backend_for_badger\simulations\data_worst_day\data_unified_2020_03_ETHUSDT.csv,1584065131152564.0,19505626969.69697,0.010677062275436317,114658085.47609198,8464634531.116839,975281348.4848486,11040992438.580133,0.0,1.2686583966942753,1.0709088323950333
1564,c:\dev\monitor-backend_for_badger\simulations\data_worst_day\data_unified_2020_03_ETHUSDT.csv,1584065187894318.2,19505626969.69697,0.01059263153900668,114658085.47609198,8464634531.116839,975281348.4848486,11040992438.580133,0.0,1.2787704979522205,1.0709088323950333
1565,c:\dev\monitor-backend_for_badger\simulations\data_worst_day\data_unified_2020_03_ETHUSDT.csv,1584065250957708.0,19505626969.69697,0.01070399673412643,114658085.47609198,8464634531.116839,975281348.4848486,11040992438.580133,0.0,1.2654660725534537,1.0709088323950333
1566,c:\dev\monitor-backend_for_badger\simulations\data_worst_day\data_unified_2020_03_ETHUSDT.csv,1584065308328191.2,19505626969.69697,0.010687409261480024,114658085.47609198,8464634531.116839,975281348.4848486,11040992438.580133,0.0,1.2674301485376207,1.0709088323950333
1567,c:\dev\monitor-backend_for_badger\simulations\data_worst_day\data_unified_2020_03_ETHUSDT.csv,1584065369131460.8,19505626969.69697,0.010728834117735193,114658085.47609198,8464634531.116839,975281348.4848486,11040992438.580133,0.0,1.2625365029522304,1.0709088323950333
1568,c:\dev\monitor-backend_for_badger\simulations\data_worst_day\data_unified_2020_03_ETHUSDT.csv,1584065428936292.2,19505626969.69697,0.01069343091877286,114658085.47609198,8464634531.116839,975281348.4848486,11040992438.580133,0.0,1.2667164365348895,1.0709088323950333
1569,c:\dev\monitor-backend_for_badger\simulations\data_worst_day\data_unified_2020_03_ETHUSDT.csv,1584065490459760.2,19505626969.69697,0.010617038173425596,114658085.47609198,8464634531.116839,975281348.4848486,11040992438.580133,0.0,1.2758308378003587,1.0709088323950333
1570,c:\dev\monitor-backend_for_badger\simulations\data_worst_day\data_unified_2020_03_ETHUSDT.csv,1584065551010693.5,19505626969.69697,0.010732743189221967,114658085.47609198,8464634531.116839,975281348.4848486,11040992438.580133,0.0,1.2620766628761482,1.0709088323950333
1571,c:\dev\monitor-backend_for_badger\simulations\data_worst_day\data_unified_2020_03_ETHUSDT.csv,1584065612967439.8,19505626969.69697,0.010973369524569482,114658085.47609198,8464634531.116839,975281348.4848486,11040992438.580133,0.0,1.2344015826161108,1.0709088323950333
1572,c:\dev\monitor-backend_for_badger\simulations\data_worst_day\data_unified_2020_03_ETHUSDT.csv,1584065670689640.5,19505626969.69697,0.011310122130624515,108591282.33639589,6514071834.147142,975281348.4848486,12991555135.549831,32269273.42272365,1.1976479609431077,1.0709088323950333
1573,c:\dev\monitor-backend_for_badger\simulations\data_worst_day\data_unified_2020_03_ETHUSDT.csv,1584065728450286.5,19505626969.69697,0.011625312826000024,108591282.33639589,6514071834.147142,0.0,12991555135.549831,0.0,1.4339624205598407,1.0709088323950333
1574,c:\dev\monitor-backend_for_badger\simulations\data_worst_day\data_unified_2020_03_ETHUSDT.csv,1584065793849502.0,19505626969.69697,0.01159963667853023,108591282.33639589,6514071834.147142,0.0,12991555135.549831,0.0,1.437136539853127,1.0709088323950333
1575,c:\dev\monitor-backend_for_badger\simulations\data_worst_day\data_unified_2020_03_ETHUSDT.csv,1584065849058353.2,19505626969.69697,0.011308431672348346,108591282.33639589,6514071834.147142,0.0,12991555135.549831,0.0,1.4741444439637803,1.0709088323950333
1576,c:\dev\monitor-backend_for_badger\simulations\data_worst_day\data_unified_2020_03_ETHUSDT.csv,1584065907409942.2,19505626969.69697,0.011216037448611264,108591282.33639589,6514071834.147142,0.0,12991555135.549831,0.0,1.4862879868326775,1.0709088323950333
1577,c:\dev\monitor-backend_for_badger\simulations\data_worst_day\data_unified_2020_03_ETHUSDT.csv,1584065968857743.8,19505626969.69697,0.011078721143070083,108591282.33639589,6514071834.147142,0.0,12991555135.549831,0.0,1.5047099303662743,1.0709088323950333
1578,c:\dev\monitor-backend_for_badger\simulations\data_worst_day\data_unified_2020_03_ETHUSDT.csv,1584066030954172.8,19505626969.69697,0.011049581135228581,108591282.33639589,6514071834.147142,0.0,12991555135.549831,0.0,1.5086781585401243,1.0709088323950333
1579,c:\dev\monitor-backend_for_badger\simulations\data_worst_day\data_unified_2020_03_ETHUSDT.csv,1584066091122064.5,19505626969.69697,0.011115391130509002,108591282.33639589,6514071834.147142,0.0,12991555135.549831,0.0,1.4997458500565586,1.0709088323950333
1580,c:\dev\monitor-backend_for_badger\simulations\data_worst_day\data_unified_2020_03_ETHUSDT.csv,1584066148091461.0,19505626969.69697,0.01114237690027806,108591282.33639589,6514071834.147142,0.0,12991555135.549831,0.0,1.496113609235418,1.0709088323950333
1581,c:\dev\monitor-backend_for_badger\simulations\data_worst_day\data_unified_2020_03_ETHUSDT.csv,1584066207633777.0,19505626969.69697,0.011085811062121241,108591282.33639589,6514071834.147142,975281348.4848486,12991555135.549831,0.0,1.503747594679513,1.0709088323950333
1582,c:\dev\monitor-backend_for_badger\simulations\data_worst_day\data_unified_2020_03_ETHUSDT.csv,1584066269870672.5,19505626969.69697,0.011095403166361194,108591282.33639589,6514071834.147142,975281348.4848486,12991555135.549831,0.0,1.5024475875087528,1.0709088323950333
1583,c:\dev\monitor-backend_for_badger\simulations\data_worst_day\data_unified_2020_03_ETHUSDT.csv,1584066326619087.2,19505626969.69697,0.011063115779181223,108591282.33639589,6514071834.147142,975281348.4848486,12991555135.549831,0.0,1.5068324378478224,1.0709088323950333
1584,c:\dev\monitor-backend_for_badger\simulations\data_worst_day\data_unified_2020_03_ETHUSDT.csv,1584066395681629.8,19505626969.69697,0.01092445509218341,108591282.33639589,6514071834.147142,975281348.4848486,12991555135.549831,0.0,1.5259581900486865,1.0709088323950333
1585,c:\dev\monitor-backend_for_badger\simulations\data_worst_day\data_unified_2020_03_ETHUSDT.csv,1584066446955440.8,19505626969.69697,0.010781532399744234,108591282.33639589,6514071834.147142,975281348.4848486,12991555135.549831,0.0,1.546186673810099,1.0709088323950333
1586,c:\dev\monitor-backend_for_badger\simulations\data_worst_day\data_unified_2020_03_ETHUSDT.csv,1584066511353170.2,19505626969.69697,0.01038816697359781,108591282.33639589,6514071834.147142,975281348.4848486,12991555135.549831,0.0,1.6047356345065389,1.0709088323950333
1587,c:\dev\monitor-backend_for_badger\simulations\data_worst_day\data_unified_2020_03_ETHUSDT.csv,1584066570007037.5,19505626969.69697,0.010499387279096568,108591282.33639589,6514071834.147142,975281348.4848486,12991555135.549831,0.0,1.5877366246814706,1.0709088323950333
1588,c:\dev\monitor-backend_for_badger\simulations\data_worst_day\data_unified_2020_03_ETHUSDT.csv,1584066630941483.0,19505626969.69697,0.010193245528818532,108591282.33639589,6514071834.147142,975281348.4848486,12991555135.549831,0.0,1.6354223659781255,1.0709088323950333
1589,c:\dev\monitor-backend_for_badger\simulations\data_worst_day\data_unified_2020_03_ETHUSDT.csv,1584066694321644.8,19505626969.69697,0.009576790412345328,108591282.33639589,6514071834.147142,975281348.4848486,12991555135.549831,0.0,1.7406940114557499,1.0709088323950333
1590,c:\dev\monitor-backend_for_badger\simulations\data_worst_day\data_unified_2020_03_ETHUSDT.csv,1584066751566894.2,19505626969.69697,0.009450746082953355,108591282.33639589,6514071834.147142,975281348.4848486,12991555135.549831,0.0,1.7639095975507262,1.0709088323950333
1591,c:\dev\monitor-backend_for_badger\simulations\data_worst_day\data_unified_2020_03_ETHUSDT.csv,1584066808716431.0,19505626969.69697,0.009853399055863922,108591282.33639589,6514071834.147142,975281348.4848486,12991555135.549831,0.0,1.691828538073428,1.0709088323950333
1592,c:\dev\monitor-backend_for_badger\simulations\data_worst_day\data_unified_2020_03_ETHUSDT.csv,1584066869288300.0,19505626969.69697,0.009670341481138097,108591282.33639589,6514071834.147142,975281348.4848486,12991555135.549831,0.0,1.7238545042335403,1.0709088323950333
1593,c:\dev\monitor-backend_for_badger\simulations\data_worst_day\data_unified_2020_03_ETHUSDT.csv,1584066930842253.2,19505626969.69697,0.00965530832471346,108591282.33639589,6514071834.147142,975281348.4848486,12991555135.549831,0.0,1.726538517373662,1.0709088323950333
1594,c:\dev\monitor-backend_for_badger\simulations\data_worst_day\data_unified_2020_03_ETHUSDT.csv,1584066989751225.2,19505626969.69697,0.009620882143858277,108591282.33639589,6514071834.147142,975281348.4848486,12991555135.549831,0.0,1.7327165503610518,1.0709088323950333
1595,c:\dev\monitor-backend_for_badger\simulations\data_worst_day\data_unified_2020_03_ETHUSDT.csv,1584067050453689.2,19505626969.69697,0.009610371948593507,108591282.33639589,6514071834.147142,975281348.4848486,12991555135.549831,0.0,1.734611501917579,1.0709088323950333
1596,c:\dev\monitor-backend_for_badger\simulations\data_worst_day\data_unified_2020_03_ETHUSDT.csv,1584067112102951.0,19505626969.69697,0.009380474375793075,108591282.33639589,6514071834.147142,975281348.4848486,12991555135.549831,0.0,1.7771235282892568,1.0709088323950333
1597,c:\dev\monitor-backend_for_badger\simulations\data_worst_day\data_unified_2020_03_ETHUSDT.csv,1584067170552288.0,19505626969.69697,0.008702325632007976,108591282.33639589,6514071834.147142,975281348.4848486,12991555135.549831,0.0,1.9156099673427016,1.0709088323950333
1598,c:\dev\monitor-backend_for_badger\simulations\data_worst_day\data_unified_2020_03_ETHUSDT.csv,1584067227556783.0,19505626969.69697,0.008831667350181841,108591282.33639589,6514071834.147142,975281348.4848486,12991555135.549831,0.0,1.8875554364480358,1.0709088323950333
1599,c:\dev\monitor-backend_for_badger\simulations\data_worst_day\data_unified_2020_03_ETHUSDT.csv,1584067288053573.5,19505626969.69697,0.009136073924645764,108591282.33639589,6514071834.147142,975281348.4848486,12991555135.549831,0.0,1.8246636199786128,1.0709088323950333
1600,c:\dev\monitor-backend_for_badger\simulations\data_worst_day\data_unified_2020_03_ETHUSDT.csv,1584067352930730.0,19505626969.69697,0.009008388235836126,108591282.33639589,6514071834.147142,975281348.4848486,12991555135.549831,0.0,1.8505265629450396,1.0709088323950333
1601,c:\dev\monitor-backend_for_badger\simulations\data_worst_day\data_unified_2020_03_ETHUSDT.csv,1584067411113423.2,19505626969.69697,0.00890683411412944,108591282.33639589,6514071834.147142,975281348.4848486,12991555135.549831,0.0,1.8716259342128454,1.0709088323950333
1602,c:\dev\monitor-backend_for_badger\simulations\data_worst_day\data_unified_2020_03_ETHUSDT.csv,1584067471307657.2,19505626969.69697,0.00868494020111906,108591282.33639589,6514071834.147142,975281348.4848486,12991555135.549831,0.0,1.9194446171993658,1.0709088323950333
1603,c:\dev\monitor-backend_for_badger\simulations\data_worst_day\data_unified_2020_03_ETHUSDT.csv,1584067528868729.2,19505626969.69697,0.008557808557136094,108591282.33639589,6514071834.147142,975281348.4848486,12991555135.549831,0.0,1.9479591776840501,1.0709088323950333
1604,c:\dev\monitor-backend_for_badger\simulations\data_worst_day\data_unified_2020_03_ETHUSDT.csv,1584067589939634.2,19505626969.69697,0.008719974520524332,108591282.33639589,6514071834.147142,975281348.4848486,12991555135.549831,0.0,1.911732847441161,1.0709088323950333
1605,c:\dev\monitor-backend_for_badger\simulations\data_worst_day\data_unified_2020_03_ETHUSDT.csv,1584067651792029.8,19505626969.69697,0.008800222281048079,108591282.33639589,6514071834.147142,975281348.4848486,12991555135.549831,0.0,1.8943000741739195,1.0709088323950333
1606,c:\dev\monitor-backend_for_badger\simulations\data_worst_day\data_unified_2020_03_ETHUSDT.csv,1584067712588197.5,19505626969.69697,0.008940020730796217,108591282.33639589,6514071834.147142,975281348.4848486,12991555135.549831,0.0,1.8646781950193156,1.0709088323950333
1607,c:\dev\monitor-backend_for_badger\simulations\data_worst_day\data_unified_2020_03_ETHUSDT.csv,1584067768045618.5,19505626969.69697,0.008759830932978748,108591282.33639589,6514071834.147142,975281348.4848486,12991555135.549831,0.0,1.9030346415678703,1.0709088323950333
1608,c:\dev\monitor-backend_for_badger\simulations\data_worst_day\data_unified_2020_03_ETHUSDT.csv,1584067831974536.0,19505626969.69697,0.008930628180000065,108591282.33639589,6514071834.147142,975281348.4848486,12991555135.549831,0.0,1.8666393207444265,1.0709088323950333
1609,c:\dev\monitor-backend_for_badger\simulations\data_worst_day\data_unified_2020_03_ETHUSDT.csv,1584067891083240.2,19505626969.69697,0.009088312526049252,108591282.33639589,6514071834.147142,975281348.4848486,12991555135.549831,0.0,1.8342526923403486,1.0709088323950333
1610,c:\dev\monitor-backend_for_badger\simulations\data_worst_day\data_unified_2020_03_ETHUSDT.csv,1584067953092783.5,19505626969.69697,0.008957473508282842,108591282.33639589,6514071834.147142,975281348.4848486,12991555135.549831,0.0,1.8610450485085568,1.0709088323950333
1611,c:\dev\monitor-backend_for_badger\simulations\data_worst_day\data_unified_2020_03_ETHUSDT.csv,1584068008380254.2,19505626969.69697,0.008839922708503726,108591282.33639589,6514071834.147142,975281348.4848486,12991555135.549831,0.0,1.885792700845686,1.0709088323950333
1612,c:\dev\monitor-backend_for_badger\simulations\data_worst_day\data_unified_2020_03_ETHUSDT.csv,1584068067861025.0,19505626969.69697,0.008889441859859026,108591282.33639589,6514071834.147142,975281348.4848486,12991555135.549831,0.0,1.8752877832535508,1.0709088323950333
1613,c:\dev\monitor-backend_for_badger\simulations\data_worst_day\data_unified_2020_03_ETHUSDT.csv,1584068128649508.8,19505626969.69697,0.009003904225911507,108591282.33639589,6514071834.147142,975281348.4848486,12991555135.549831,0.0,1.8514481386599542,1.0709088323950333
1614,c:\dev\monitor-backend_for_badger\simulations\data_worst_day\data_unified_2020_03_ETHUSDT.csv,1584068186688773.5,19505626969.69697,0.009056509853299486,108591282.33639589,6514071834.147142,975281348.4848486,12991555135.549831,0.0,1.8406938202207124,1.0709088323950333
1615,c:\dev\monitor-backend_for_badger\simulations\data_worst_day\data_unified_2020_03_ETHUSDT.csv,1584068249995798.8,19505626969.69697,0.009048371061132853,108591282.33639589,6514071834.147142,975281348.4848486,12991555135.549831,0.0,1.8423494800454439,1.0709088323950333
1616,c:\dev\monitor-backend_for_badger\simulations\data_worst_day\data_unified_2020_03_ETHUSDT.csv,1584068312362809.8,19505626969.69697,0.008947012811700142,108591282.33639589,6514071834.147142,975281348.4848486,12991555135.549831,0.0,1.8632209510124322,1.0709088323950333
1617,c:\dev\monitor-backend_for_badger\simulations\data_worst_day\data_unified_2020_03_ETHUSDT.csv,1584068369064550.5,19505626969.69697,0.009008731749250818,108591282.33639589,6514071834.147142,975281348.4848486,12991555135.549831,0.0,1.8504560002158663,1.0709088323950333
1618,c:\dev\monitor-backend_for_badger\simulations\data_worst_day\data_unified_2020_03_ETHUSDT.csv,1584068427333419.2,19505626969.69697,0.009032891421573819,108591282.33639589,6514071834.147142,975281348.4848486,12991555135.549831,0.0,1.8455067089505501,1.0709088323950333
1619,c:\dev\monitor-backend_for_badger\simulations\data_worst_day\data_unified_2020_03_ETHUSDT.csv,1584068487663588.0,19505626969.69697,0.008833445013195673,108591282.33639589,6514071834.147142,975281348.4848486,12991555135.549831,0.0,1.8871755804030932,1.0709088323950333
1620,c:\dev\monitor-backend_for_badger\simulations\data_worst_day\data_unified_2020_03_ETHUSDT.csv,1584068550416485.5,19505626969.69697,0.008853110584623495,108591282.33639589,6514071834.147142,975281348.4848486,12991555135.549831,0.0,1.8829835638436576,1.0709088323950333
1621,c:\dev\monitor-backend_for_badger\simulations\data_worst_day\data_unified_2020_03_ETHUSDT.csv,1584068610507176.0,19505626969.69697,0.008919250894450463,108591282.33639589,6514071834.147142,975281348.4848486,12991555135.549831,0.0,1.8690203826543943,1.0709088323950333
1622,c:\dev\monitor-backend_for_badger\simulations\data_worst_day\data_unified_2020_03_ETHUSDT.csv,1584068670844971.5,19505626969.69697,0.00885560156741353,108591282.33639589,6514071834.147142,975281348.4848486,12991555135.549831,0.0,1.8824539013903787,1.0709088323950333
1623,c:\dev\monitor-backend_for_badger\simulations\data_worst_day\data_unified_2020_03_ETHUSDT.csv,1584068732653916.0,19505626969.69697,0.008870030646283732,108591282.33639589,6514071834.147142,975281348.4848486,12991555135.549831,0.0,1.8793916711799274,1.0709088323950333
1624,c:\dev\monitor-backend_for_badger\simulations\data_worst_day\data_unified_2020_03_ETHUSDT.csv,1584068789428791.5,19505626969.69697,0.008860461616751879,108591282.33639589,6514071834.147142,975281348.4848486,12991555135.549831,0.0,1.881421357124217,1.0709088323950333
1625,c:\dev\monitor-backend_for_badger\simulations\data_worst_day\data_unified_2020_03_ETHUSDT.csv,1584068850782794.8,19505626969.69697,0.008786955149637694,108591282.33639589,6514071834.147142,975281348.4848486,12991555135.549831,0.0,1.8971602148696192,1.0709088323950333
1626,c:\dev\monitor-backend_for_badger\simulations\data_worst_day\data_unified_2020_03_ETHUSDT.csv,1584068912658933.2,19505626969.69697,0.008719572710761231,108591282.33639589,6514071834.147142,975281348.4848486,12991555135.549831,0.0,1.9118209426894057,1.0709088323950333
1627,c:\dev\monitor-backend_for_badger\simulations\data_worst_day\data_unified_2020_03_ETHUSDT.csv,1584068970057405.8,19505626969.69697,0.008761708721575976,108591282.33639589,6514071834.147142,975281348.4848486,12991555135.549831,0.0,1.9026267877047003,1.0709088323950333
1628,c:\dev\monitor-backend_for_badger\simulations\data_worst_day\data_unified_2020_03_ETHUSDT.csv,1584069025371361.5,19505626969.69697,0.008825810759284918,108591282.33639589,6514071834.147142,975281348.4848486,12991555135.549831,0.0,1.8888079718000896,1.0709088323950333
1629,c:\dev\monitor-backend_for_badger\simulations\data_worst_day\data_unified_2020_03_ETHUSDT.csv,1584069088708116.8,19505626969.69697,0.008826202697504129,108591282.33639589,6514071834.147142,975281348.4848486,12991555135.549831,0.0,1.8887240969947774,1.0709088323950333
1630,c:\dev\monitor-backend_for_badger\simulations\data_worst_day\data_unified_2020_03_ETHUSDT.csv,1584069152439900.8,19505626969.69697,0.008753064614646566,108591282.33639589,6514071834.147142,975281348.4848486,12991555135.549831,0.0,1.9045057306948112,1.0709088323950333
1631,c:\dev\monitor-backend_for_badger\simulations\data_worst_day\data_unified_2020_03_ETHUSDT.csv,1584069209248717.8,19505626969.69697,0.008638599768260894,108591282.33639589,6514071834.147142,975281348.4848486,12991555135.549831,0.0,1.9297411810863856,1.0709088323950333
1632,c:\dev\monitor-backend_for_badger\simulations\data_worst_day\data_unified_2020_03_ETHUSDT.csv,1584069269470131.2,19505626969.69697,0.008671406756188159,108591282.33639589,6514071834.147142,975281348.4848486,12991555135.549831,0.0,1.9224402900763466,1.0709088323950333
1633,c:\dev\monitor-backend_for_badger\simulations\data_worst_day\data_unified_2020_03_ETHUSDT.csv,1584069332094933.8,19505626969.69697,0.008527099296179567,108591282.33639589,6514071834.147142,975281348.4848486,12991555135.549831,0.0,1.954974504308306,1.0709088323950333
1634,c:\dev\monitor-backend_for_badger\simulations\data_worst_day\data_unified_2020_03_ETHUSDT.csv,1584069389327778.0,19505626969.69697,0.008393628173612557,108591282.33639589,6514071834.147142,975281348.4848486,12991555135.549831,0.0,1.9860614950926037,1.0709088323950333
1635,c:\dev\monitor-backend_for_badger\simulations\data_worst_day\data_unified_2020_03_ETHUSDT.csv,1584069450973353.2,19505626969.69697,0.008407497036667655,108591282.33639589,6514071834.147142,975281348.4848486,12991555135.549831,0.0,1.9827853220800753,1.0709088323950333
1636,c:\dev\monitor-backend_for_badger\simulations\data_worst_day\data_unified_2020_03_ETHUSDT.csv,1584069509719778.5,19505626969.69697,0.008407751208616783,108591282.33639589,6514071834.147142,975281348.4848486,12991555135.549831,0.0,1.982725381152054,1.0709088323950333
1637,c:\dev\monitor-backend_for_badger\simulations\data_worst_day\data_unified_2020_03_ETHUSDT.csv,1584069571304956.2,19505626969.69697,0.008165091964556524,108591282.33639589,6514071834.147142,975281348.4848486,12991555135.549831,0.0,2.041650209464821,1.0709088323950333
1638,c:\dev\monitor-backend_for_badger\simulations\data_worst_day\data_unified_2020_03_ETHUSDT.csv,1584069629166958.8,19505626969.69697,0.008225377346026868,108591282.33639589,6514071834.147142,975281348.4848486,12991555135.549831,0.0,2.0266865601963717,1.0709088323950333
1639,c:\dev\monitor-backend_for_badger\simulations\data_worst_day\data_unified_2020_03_ETHUSDT.csv,1584069690763215.2,19505626969.69697,0.008078350614383105,108591282.33639589,6514071834.147142,975281348.4848486,12991555135.549831,0.0,2.0635724438669167,1.0709088323950333
1640,c:\dev\monitor-backend_for_badger\simulations\data_worst_day\data_unified_2020_03_ETHUSDT.csv,1584069750679196.8,19505626969.69697,0.008141617284617058,108591282.33639589,6514071834.147142,975281348.4848486,12991555135.549831,0.0,2.0475368881847955,1.0709088323950333
1641,c:\dev\monitor-backend_for_badger\simulations\data_worst_day\data_unified_2020_03_ETHUSDT.csv,1584069808368423.2,19505626969.69697,0.00808524785384973,108591282.33639589,6514071834.147142,975281348.4848486,12991555135.549831,0.0,2.061812083076579,1.0709088323950333
1642,c:\dev\monitor-backend_for_badger\simulations\data_worst_day\data_unified_2020_03_ETHUSDT.csv,1584069872086919.2,19505626969.69697,0.008097431883566085,108591282.33639589,6514071834.147142,975281348.4848486,12991555135.549831,0.0,2.058709719259141,1.0709088323950333
1643,c:\dev\monitor-backend_for_badger\simulations\data_worst_day\data_unified_2020_03_ETHUSDT.csv,1584069931504718.2,19505626969.69697,0.008008177276677598,108591282.33639589,6514071834.147142,975281348.4848486,12991555135.549831,0.0,2.0816549314268493,1.0709088323950333
1644,c:\dev\monitor-backend_for_badger\simulations\data_worst_day\data_unified_2020_03_ETHUSDT.csv,1584069989002116.2,19505626969.69697,0.007858477161077442,108591282.33639589,6514071834.147142,975281348.4848486,12991555135.549831,0.0,2.1213094315910395,1.0709088323950333
1645,c:\dev\monitor-backend_for_badger\simulations\data_worst_day\data_unified_2020_03_ETHUSDT.csv,1584070053425131.5,19505626969.69697,0.007872152695016617,108591282.33639589,6514071834.147142,975281348.4848486,12991555135.549831,0.0,2.1176242846876288,1.0709088323950333
1646,c:\dev\monitor-backend_for_badger\simulations\data_worst_day\data_unified_2020_03_ETHUSDT.csv,1584070111266250.0,19505626969.69697,0.007707662525014869,108591282.33639589,6514071834.147142,975281348.4848486,12991555135.549831,0.0,2.162816763919512,1.0709088323950333
1647,c:\dev\monitor-backend_for_badger\simulations\data_worst_day\data_unified_2020_03_ETHUSDT.csv,1584070170305611.8,19505626969.69697,0.007482013718344249,108591282.33639589,6514071834.147142,975281348.4848486,12991555135.549831,0.0,2.2280447947942874,1.0709088323950333
1648,c:\dev\monitor-backend_for_badger\simulations\data_worst_day\data_unified_2020_03_ETHUSDT.csv,1584070232632079.5,19505626969.69697,0.007471871930064674,108591282.33639589,6514071834.147142,975281348.4848486,12991555135.549831,0.0,2.2310689845552614,1.0709088323950333
1649,c:\dev\monitor-backend_for_badger\simulations\data_worst_day\data_unified_2020_03_ETHUSDT.csv,1584070288728638.5,19505626969.69697,0.0073067929663622475,108591282.33639589,6514071834.147142,975281348.4848486,12991555135.549831,0.0,2.2814744849730966,1.0709088323950333
1650,c:\dev\monitor-backend_for_badger\simulations\data_worst_day\data_unified_2020_03_ETHUSDT.csv,1584070349620811.0,19505626969.69697,0.00763121515352557,108591282.33639589,6514071834.147142,975281348.4848486,12991555135.549831,0.0,2.184483255204095,1.0709088323950333
1651,c:\dev\monitor-backend_for_badger\simulations\data_worst_day\data_unified_2020_03_ETHUSDT.csv,1584070411430856.0,19505626969.69697,0.007794390592108477,108591282.33639589,6514071834.147142,975281348.4848486,12991555135.549831,0.0,2.1387511342598557,1.0709088323950333
1652,c:\dev\monitor-backend_for_badger\simulations\data_worst_day\data_unified_2020_03_ETHUSDT.csv,1584070470321825.8,19505626969.69697,0.007647775031790486,108591282.33639589,6514071834.147142,975281348.4848486,12991555135.549831,0.0,2.179753150483761,1.0709088323950333
1653,c:\dev\monitor-backend_for_badger\simulations\data_worst_day\data_unified_2020_03_ETHUSDT.csv,1584070531577992.2,19505626969.69697,0.0077222036430327785,108591282.33639589,6514071834.147142,975281348.4848486,12991555135.549831,0.0,2.1587441215405923,1.0709088323950333
1654,c:\dev\monitor-backend_for_badger\simulations\data_worst_day\data_unified_2020_03_ETHUSDT.csv,1584070589509570.8,19505626969.69697,0.0077841035153768815,108591282.33639589,6514071834.147142,975281348.4848486,12991555135.549831,0.0,2.141577599373591,1.0709088323950333
1655,c:\dev\monitor-backend_for_badger\simulations\data_worst_day\data_unified_2020_03_ETHUSDT.csv,1584070651182421.2,19505626969.69697,0.00774646778126278,108591282.33639589,6514071834.147142,975281348.4848486,12991555135.549831,0.0,2.151982321550284,1.0709088323950333
1656,c:\dev\monitor-backend_for_badger\simulations\data_worst_day\data_unified_2020_03_ETHUSDT.csv,1584070711721907.8,19505626969.69697,0.007724748363259922,108591282.33639589,6514071834.147142,975281348.4848486,12991555135.549831,0.0,2.1580329786563217,1.0709088323950333
1657,c:\dev\monitor-backend_for_badger\simulations\data_worst_day\data_unified_2020_03_ETHUSDT.csv,1584070767396187.0,19505626969.69697,0.0075711422844130525,108591282.33639589,6514071834.147142,975281348.4848486,12991555135.549831,0.0,2.2018159339121053,1.0709088323950333
1658,c:\dev\monitor-backend_for_badger\simulations\data_worst_day\data_unified_2020_03_ETHUSDT.csv,1584070835893236.8,19505626969.69697,0.007550292894518421,108591282.33639589,6514071834.147142,975281348.4848486,12991555135.549831,0.0,2.20789603166774,1.0709088323950333
1659,c:\dev\monitor-backend_for_badger\simulations\data_worst_day\data_unified_2020_03_ETHUSDT.csv,1584070891502348.5,19505626969.69697,0.007711353895431367,108591282.33639589,6514071834.147142,975281348.4848486,12991555135.549831,0.0,2.1617814388745327,1.0709088323950333
1660,c:\dev\monitor-backend_for_badger\simulations\data_worst_day\data_unified_2020_03_ETHUSDT.csv,1584070952157756.2,19505626969.69697,0.007769136373833809,108591282.33639589,6514071834.147142,975281348.4848486,12991555135.549831,0.0,2.1457033211414895,1.0709088323950333
1661,c:\dev\monitor-backend_for_badger\simulations\data_worst_day\data_unified_2020_03_ETHUSDT.csv,1584071008514566.0,19505626969.69697,0.007893495389895686,108591282.33639589,6514071834.147142,975281348.4848486,12991555135.549831,0.0,2.1118985818469778,1.0709088323950333
1662,c:\dev\monitor-backend_for_badger\simulations\data_worst_day\data_unified_2020_03_ETHUSDT.csv,1584071071809929.8,19505626969.69697,0.00797230711182276,108591282.33639589,6514071834.147142,975281348.4848486,12991555135.549831,0.0,2.0910210163648504,1.0709088323950333
1663,c:\dev\monitor-backend_for_badger\simulations\data_worst_day\data_unified_2020_03_ETHUSDT.csv,1584071128338697.5,19505626969.69697,0.007964684375778274,108591282.33639589,6514071834.147142,975281348.4848486,12991555135.549831,0.0,2.093022263434941,1.0709088323950333
1664,c:\dev\monitor-backend_for_badger\simulations\data_worst_day\data_unified_2020_03_ETHUSDT.csv,1584071193158497.2,19505626969.69697,0.008088602383893969,108591282.33639589,6514071834.147142,975281348.4848486,12991555135.549831,0.0,2.0609570020316723,1.0709088323950333
1665,c:\dev\monitor-backend_for_badger\simulations\data_worst_day\data_unified_2020_03_ETHUSDT.csv,1584071249108092.0,19505626969.69697,0.008171207607599984,108591282.33639589,6514071834.147142,975281348.4848486,12991555135.549831,0.0,2.0401221606744464,1.0709088323950333
1666,c:\dev\monitor-backend_for_badger\simulations\data_worst_day\data_unified_2020_03_ETHUSDT.csv,1584071313737518.2,19505626969.69697,0.008343789855617614,108591282.33639589,6514071834.147142,975281348.4848486,12991555135.549831,0.0,1.9979244453900988,1.0709088323950333
1667,c:\dev\monitor-backend_for_badger\simulations\data_worst_day\data_unified_2020_03_ETHUSDT.csv,1584071368392091.0,19505626969.69697,0.008329428228329048,108591282.33639589,6514071834.147142,975281348.4848486,12991555135.549831,0.0,2.0013692732280792,1.0709088323950333
1668,c:\dev\monitor-backend_for_badger\simulations\data_worst_day\data_unified_2020_03_ETHUSDT.csv,1584071428973557.5,19505626969.69697,0.008224883317744255,108591282.33639589,6514071834.147142,975281348.4848486,12991555135.549831,0.0,2.026808293288751,1.0709088323950333
1669,c:\dev\monitor-backend_for_badger\simulations\data_worst_day\data_unified_2020_03_ETHUSDT.csv,1584071489248496.0,19505626969.69697,0.008242395027358641,108591282.33639589,6514071834.147142,975281348.4848486,12991555135.549831,0.0,2.0225021567643195,1.0709088323950333
1670,c:\dev\monitor-backend_for_badger\simulations\data_worst_day\data_unified_2020_03_ETHUSDT.csv,1584071551486096.8,19505626969.69697,0.008216748118421064,108591282.33639589,6514071834.147142,975281348.4848486,12991555135.549831,0.0,2.028814986109094,1.0709088323950333
1671,c:\dev\monitor-backend_for_badger\simulations\data_worst_day\data_unified_2020_03_ETHUSDT.csv,1584071613132946.2,19505626969.69697,0.008144324404711275,108591282.33639589,6514071834.147142,975281348.4848486,12991555135.549831,0.0,2.046856300332665,1.0709088323950333
1672,c:\dev\monitor-backend_for_badger\simulations\data_worst_day\data_unified_2020_03_ETHUSDT.csv,1584071673099710.0,19505626969.69697,0.008037850340746156,108591282.33639589,6514071834.147142,975281348.4848486,12991555135.549831,0.0,2.073970155332458,1.0709088323950333
1673,c:\dev\monitor-backend_for_badger\simulations\data_worst_day\data_unified_2020_03_ETHUSDT.csv,1584071729799577.0,19505626969.69697,0.008177895458356337,108591282.33639589,6514071834.147142,975281348.4848486,12991555135.549831,0.0,2.038453756791712,1.0709088323950333
1674,c:\dev\monitor-backend_for_badger\simulations\data_worst_day\data_unified_2020_03_ETHUSDT.csv,1584071790844813.8,19505626969.69697,0.008087996644651223,108591282.33639589,6514071834.147142,975281348.4848486,12991555135.549831,0.0,2.0611113545355857,1.0709088323950333
1675,c:\dev\monitor-backend_for_badger\simulations\data_worst_day\data_unified_2020_03_ETHUSDT.csv,1584071851876541.0,19505626969.69697,0.0082012306508174,108591282.33639589,6514071834.147142,975281348.4848486,12991555135.549831,0.0,2.032653686928664,1.0709088323950333
1676,c:\dev\monitor-backend_for_badger\simulations\data_worst_day\data_unified_2020_03_ETHUSDT.csv,1584071908325516.0,19505626969.69697,0.008176066172187062,108591282.33639589,6514071834.147142,975281348.4848486,12991555135.549831,0.0,2.03890983373452,1.0709088323950333
1677,c:\dev\monitor-backend_for_badger\simulations\data_worst_day\data_unified_2020_03_ETHUSDT.csv,1584071970458392.5,19505626969.69697,0.008097479658467787,108591282.33639589,6514071834.147142,975281348.4848486,12991555135.549831,0.0,2.0586975729298365,1.0709088323950333
1678,c:\dev\monitor-backend_for_badger\simulations\data_worst_day\data_unified_2020_03_ETHUSDT.csv,1584072034393738.2,19505626969.69697,0.008198566687156225,108591282.33639589,6514071834.147142,975281348.4848486,12991555135.549831,0.0,2.033314157931018,1.0709088323950333
1679,c:\dev\monitor-backend_for_badger\simulations\data_worst_day\data_unified_2020_03_ETHUSDT.csv,1584072088768208.0,19505626969.69697,0.00839121583450916,108591282.33639589,6514071834.147142,975281348.4848486,12991555135.549831,0.0,1.986632455713907,1.0709088323950333
1680,c:\dev\monitor-backend_for_badger\simulations\data_worst_day\data_unified_2020_03_ETHUSDT.csv,1584072151613753.8,19505626969.69697,0.008324012154156445,108591282.33639589,6514071834.147142,975281348.4848486,12991555135.549831,0.0,2.0026714775293017,1.0709088323950333
1681,c:\dev\monitor-backend_for_badger\simulations\data_worst_day\data_unified_2020_03_ETHUSDT.csv,1584072209630840.0,19505626969.69697,0.00838276792326783,108591282.33639589,6514071834.147142,975281348.4848486,12991555135.549831,0.0,1.988634526486788,1.0709088323950333
1682,c:\dev\monitor-backend_for_badger\simulations\data_worst_day\data_unified_2020_03_ETHUSDT.csv,1584072270520885.5,19505626969.69697,0.008371353369156731,108591282.33639589,6514071834.147142,975281348.4848486,12991555135.549831,0.0,1.9913460804505012,1.0709088323950333
1683,c:\dev\monitor-backend_for_badger\simulations\data_worst_day\data_unified_2020_03_ETHUSDT.csv,1584072330759059.8,19505626969.69697,0.008299343639565453,108591282.33639589,6514071834.147142,975281348.4848486,12991555135.549831,0.0,2.0086241085697707,1.0709088323950333
1684,c:\dev\monitor-backend_for_badger\simulations\data_worst_day\data_unified_2020_03_ETHUSDT.csv,1584072391149173.5,19505626969.69697,0.008246756310425428,108591282.33639589,6514071834.147142,975281348.4848486,12991555135.549831,0.0,2.021432559934147,1.0709088323950333
1685,c:\dev\monitor-backend_for_badger\simulations\data_worst_day\data_unified_2020_03_ETHUSDT.csv,1584072445221921.2,19505626969.69697,0.00819275662349717,108591282.33639589,6514071834.147142,975281348.4848486,12991555135.549831,0.0,2.0347561249317896,1.0709088323950333
1686,c:\dev\monitor-backend_for_badger\simulations\data_worst_day\data_unified_2020_03_ETHUSDT.csv,1584072515103726.8,19505626969.69697,0.008238223231554008,108591282.33639589,6514071834.147142,975281348.4848486,12991555135.549831,0.0,2.023526341928438,1.0709088323950333
1687,c:\dev\monitor-backend_for_badger\simulations\data_worst_day\data_unified_2020_03_ETHUSDT.csv,1584072570844658.0,19505626969.69697,0.008240706222102753,108591282.33639589,6514071834.147142,975281348.4848486,12991555135.549831,0.0,2.022916637293091,1.0709088323950333
1688,c:\dev\monitor-backend_for_badger\simulations\data_worst_day\data_unified_2020_03_ETHUSDT.csv,1584072629766546.5,19505626969.69697,0.008245305589899903,108591282.33639589,6514071834.147142,975281348.4848486,12991555135.549831,0.0,2.021788220943152,1.0709088323950333
1689,c:\dev\monitor-backend_for_badger\simulations\data_worst_day\data_unified_2020_03_ETHUSDT.csv,1584072692184267.0,19505626969.69697,0.008269325014529531,108591282.33639589,6514071834.147142,975281348.4848486,12991555135.549831,0.0,2.015915650968615,1.0709088323950333
1690,c:\dev\monitor-backend_for_badger\simulations\data_worst_day\data_unified_2020_03_ETHUSDT.csv,1584072749153382.0,19505626969.69697,0.008279190007583374,108591282.33639589,6514071834.147142,975281348.4848486,12991555135.549831,0.0,2.0135136051313145,1.0709088323950333
1691,c:\dev\monitor-backend_for_badger\simulations\data_worst_day\data_unified_2020_03_ETHUSDT.csv,1584072808550253.2,19505626969.69697,0.008248275025450868,108591282.33639589,6514071834.147142,975281348.4848486,12991555135.549831,0.0,2.0210603633242843,1.0709088323950333
1692,c:\dev\monitor-backend_for_badger\simulations\data_worst_day\data_unified_2020_03_ETHUSDT.csv,1584072870413929.2,19505626969.69697,0.008236540368562542,108591282.33639589,6514071834.147142,975281348.4848486,12991555135.549831,0.0,2.023939782212915,1.0709088323950333
1693,c:\dev\monitor-backend_for_badger\simulations\data_worst_day\data_unified_2020_03_ETHUSDT.csv,1584072929226912.5,19505626969.69697,0.008272590213060973,108591282.33639589,6514071834.147142,975281348.4848486,12991555135.549831,0.0,2.0151199673128892,1.0709088323950333
1694,c:\dev\monitor-backend_for_badger\simulations\data_worst_day\data_unified_2020_03_ETHUSDT.csv,1584072996582389.2,19505626969.69697,0.008247918425753028,108591282.33639589,6514071834.147142,975281348.4848486,12991555135.549831,0.0,2.0211477441005816,1.0709088323950333
1695,c:\dev\monitor-backend_for_badger\simulations\data_worst_day\data_unified_2020_03_ETHUSDT.csv,1584073048881591.5,19505626969.69697,0.008272072761700187,108591282.33639589,6514071834.147142,975281348.4848486,12991555135.549831,0.0,2.0152460211568615,1.0709088323950333
1696,c:\dev\monitor-backend_for_badger\simulations\data_worst_day\data_unified_2020_03_ETHUSDT.csv,1584073111424643.8,19505626969.69697,0.008199933965296245,108591282.33639589,6514071834.147142,975281348.4848486,12991555135.549831,0.0,2.032975117883659,1.0709088323950333
1697,c:\dev\monitor-backend_for_badger\simulations\data_worst_day\data_unified_2020_03_ETHUSDT.csv,1584073165611370.5,19505626969.69697,0.008191839689983361,108591282.33639589,6514071834.147142,975281348.4848486,12991555135.549831,0.0,2.034983880375498,1.0709088323950333
1698,c:\dev\monitor-backend_for_badger\simulations\data_worst_day\data_unified_2020_03_ETHUSDT.csv,1584073231309089.2,19505626969.69697,0.008243230082069956,108591282.33639589,6514071834.147142,975281348.4848486,12991555135.549831,0.0,2.0222972734918843,1.0709088323950333
1699,c:\dev\monitor-backend_for_badger\simulations\data_worst_day\data_unified_2020_03_ETHUSDT.csv,1584073289130695.0,19505626969.69697,0.008245057061124272,108591282.33639589,6514071834.147142,975281348.4848486,12991555135.549831,0.0,2.0218491632201325,1.0709088323950333
1700,c:\dev\monitor-backend_for_badger\simulations\data_worst_day\data_unified_2020_03_ETHUSDT.csv,1584073349952818.0,19505626969.69697,0.008271643686264974,108591282.33639589,6514071834.147142,975281348.4848486,12991555135.549831,0.0,2.0153505581263427,1.0709088323950333
1701,c:\dev\monitor-backend_for_badger\simulations\data_worst_day\data_unified_2020_03_ETHUSDT.csv,1584073414091358.0,19505626969.69697,0.00830099381234035,108591282.33639589,6514071834.147142,975281348.4848486,12991555135.549831,0.0,2.0082248097756867,1.0709088323950333
1702,c:\dev\monitor-backend_for_badger\simulations\data_worst_day\data_unified_2020_03_ETHUSDT.csv,1584073469086759.5,19505626969.69697,0.008246076866891432,108591282.33639589,6514071834.147142,975281348.4848486,12991555135.549831,0.0,2.0215991178385213,1.0709088323950333
1703,c:\dev\monitor-backend_for_badger\simulations\data_worst_day\data_unified_2020_03_ETHUSDT.csv,1584073528526944.5,19505626969.69697,0.008256297034184543,108591282.33639589,6514071834.147142,975281348.4848486,12991555135.549831,0.0,2.0190966544341196,1.0709088323950333
1704,c:\dev\monitor-backend_for_badger\simulations\data_worst_day\data_unified_2020_03_ETHUSDT.csv,1584073588225520.0,19505626969.69697,0.008317783176652578,108591282.33639589,6514071834.147142,975281348.4848486,12991555135.549831,0.0,2.0041712275607986,1.0709088323950333
1705,c:\dev\monitor-backend_for_badger\simulations\data_worst_day\data_unified_2020_03_ETHUSDT.csv,1584073650943723.8,19505626969.69697,0.00832495684260716,108591282.33639589,6514071834.147142,975281348.4848486,12991555135.549831,0.0,2.0024442210220106,1.0709088323950333
1706,c:\dev\monitor-backend_for_badger\simulations\data_worst_day\data_unified_2020_03_ETHUSDT.csv,1584073709933078.2,19505626969.69697,0.008386517252043531,108591282.33639589,6514071834.147142,975281348.4848486,12991555135.549831,0.0,1.987745475116543,1.0709088323950333
1707,c:\dev\monitor-backend_for_badger\simulations\data_worst_day\data_unified_2020_03_ETHUSDT.csv,1584073769730371.5,19505626969.69697,0.008511430432752714,108591282.33639589,6514071834.147142,975281348.4848486,12991555135.549831,0.0,1.9585734561828476,1.0709088323950333
1708,c:\dev\monitor-backend_for_badger\simulations\data_worst_day\data_unified_2020_03_ETHUSDT.csv,1584073830114104.2,19505626969.69697,0.008564235784486427,108591282.33639589,6514071834.147142,975281348.4848486,12991555135.549831,0.0,1.946497287000608,1.0709088323950333
1709,c:\dev\monitor-backend_for_badger\simulations\data_worst_day\data_unified_2020_03_ETHUSDT.csv,1584073890486840.8,19505626969.69697,0.008491207417362635,108591282.33639589,6514071834.147142,975281348.4848486,12991555135.549831,0.0,1.9632380767956945,1.0709088323950333
1710,c:\dev\monitor-backend_for_badger\simulations\data_worst_day\data_unified_2020_03_ETHUSDT.csv,1584073951207442.0,19505626969.69697,0.00851982110433495,108591282.33639589,6514071834.147142,975281348.4848486,12991555135.549831,0.0,1.9566445721793848,1.0709088323950333
1711,c:\dev\monitor-backend_for_badger\simulations\data_worst_day\data_unified_2020_03_ETHUSDT.csv,1584074011663685.8,19505626969.69697,0.008552055384891821,108591282.33639589,6514071834.147142,975281348.4848486,12991555135.549831,0.0,1.9492696164230028,1.0709088323950333
1712,c:\dev\monitor-backend_for_badger\simulations\data_worst_day\data_unified_2020_03_ETHUSDT.csv,1584074069839846.0,19505626969.69697,0.008584181040429337,108591282.33639589,6514071834.147142,975281348.4848486,12991555135.549831,0.0,1.9419746206683675,1.0709088323950333
1713,c:\dev\monitor-backend_for_badger\simulations\data_worst_day\data_unified_2020_03_ETHUSDT.csv,1584074129410186.2,19505626969.69697,0.00864881031689161,108591282.33639589,6514071834.147142,975281348.4848486,12991555135.549831,0.0,1.9274629814898823,1.0709088323950333
1714,c:\dev\monitor-backend_for_badger\simulations\data_worst_day\data_unified_2020_03_ETHUSDT.csv,1584074187387349.8,19505626969.69697,0.00867994889108742,108591282.33639589,6514071834.147142,975281348.4848486,12991555135.549831,0.0,1.920548372911895,1.0709088323950333
1715,c:\dev\monitor-backend_for_badger\simulations\data_worst_day\data_unified_2020_03_ETHUSDT.csv,1584074249162564.8,19505626969.69697,0.008770007948666525,108591282.33639589,6514071834.147142,975281348.4848486,12991555135.549831,0.0,1.9008262954050181,1.0709088323950333
1716,c:\dev\monitor-backend_for_badger\simulations\data_worst_day\data_unified_2020_03_ETHUSDT.csv,1584074309808769.8,19505626969.69697,0.008883217735512596,108591282.33639589,6514071834.147142,975281348.4848486,12991555135.549831,0.0,1.8766017242933668,1.0709088323950333
1717,c:\dev\monitor-backend_for_badger\simulations\data_worst_day\data_unified_2020_03_ETHUSDT.csv,1584074369443337.5,19505626969.69697,0.008822923928120598,108591282.33639589,6514071834.147142,975281348.4848486,12991555135.549831,0.0,1.8894259834434892,1.0709088323950333
1718,c:\dev\monitor-backend_for_badger\simulations\data_worst_day\data_unified_2020_03_ETHUSDT.csv,1584074429807633.8,19505626969.69697,0.008838918692846077,108591282.33639589,6514071834.147142,975281348.4848486,12991555135.549831,0.0,1.8860069086537365,1.0709088323950333
1719,c:\dev\monitor-backend_for_badger\simulations\data_worst_day\data_unified_2020_03_ETHUSDT.csv,1584074485698922.2,19505626969.69697,0.008701286912962415,108591282.33639589,6514071834.147142,975281348.4848486,12991555135.549831,0.0,1.9158386439254704,1.0709088323950333
1720,c:\dev\monitor-backend_for_badger\simulations\data_worst_day\data_unified_2020_03_ETHUSDT.csv,1584074550293226.8,19505626969.69697,0.008709929315287527,108591282.33639589,6514071834.147142,975281348.4848486,12991555135.549831,0.0,1.9139376585383971,1.0709088323950333
1721,c:\dev\monitor-backend_for_badger\simulations\data_worst_day\data_unified_2020_03_ETHUSDT.csv,1584074610042318.8,19505626969.69697,0.0087572767612197,108591282.33639589,6514071834.147142,975281348.4848486,12991555135.549831,0.0,1.9035896859578691,1.0709088323950333
1722,c:\dev\monitor-backend_for_badger\simulations\data_worst_day\data_unified_2020_03_ETHUSDT.csv,1584074671432251.0,19505626969.69697,0.008860427261707193,108591282.33639589,6514071834.147142,975281348.4848486,12991555135.549831,0.0,1.881428652067552,1.0709088323950333
1723,c:\dev\monitor-backend_for_badger\simulations\data_worst_day\data_unified_2020_03_ETHUSDT.csv,1584074727571278.0,19505626969.69697,0.008881622607947011,108591282.33639589,6514071834.147142,975281348.4848486,12991555135.549831,0.0,1.8769387594582436,1.0709088323950333
1724,c:\dev\monitor-backend_for_badger\simulations\data_worst_day\data_unified_2020_03_ETHUSDT.csv,1584074787060204.5,19505626969.69697,0.00888238972626456,108591282.33639589,6514071834.147142,975281348.4848486,12991555135.549831,0.0,1.876776659601373,1.0709088323950333
1725,c:\dev\monitor-backend_for_badger\simulations\data_worst_day\data_unified_2020_03_ETHUSDT.csv,1584074850052383.2,19505626969.69697,0.008824089023046074,108591282.33639589,6514071834.147142,975281348.4848486,12991555135.549831,0.0,1.889176511728095,1.0709088323950333
1726,c:\dev\monitor-backend_for_badger\simulations\data_worst_day\data_unified_2020_03_ETHUSDT.csv,1584074907076968.8,19505626969.69697,0.008842009804561634,108591282.33639589,6514071834.147142,975281348.4848486,12991555135.549831,0.0,1.8853475723512645,1.0709088323950333
1727,c:\dev\monitor-backend_for_badger\simulations\data_worst_day\data_unified_2020_03_ETHUSDT.csv,1584074970119103.8,19505626969.69697,0.008859047090879089,108591282.33639589,6514071834.147142,975281348.4848486,12991555135.549831,0.0,1.8817217640596324,1.0709088323950333
1728,c:\dev\monitor-backend_for_badger\simulations\data_worst_day\data_unified_2020_03_ETHUSDT.csv,1584075028897533.2,19505626969.69697,0.008895570855129107,108591282.33639589,6514071834.147142,975281348.4848486,12991555135.549831,0.0,1.873995721154245,1.0709088323950333
1729,c:\dev\monitor-backend_for_badger\simulations\data_worst_day\data_unified_2020_03_ETHUSDT.csv,1584075089099160.5,19505626969.69697,0.008918164582136323,108591282.33639589,6514071834.147142,975281348.4848486,12991555135.549831,0.0,1.86924804607531,1.0709088323950333
1730,c:\dev\monitor-backend_for_badger\simulations\data_worst_day\data_unified_2020_03_ETHUSDT.csv,1584075151707669.8,19505626969.69697,0.00889494825936856,108591282.33639589,6514071834.147142,975281348.4848486,12991555135.549831,0.0,1.8741268901905623,1.0709088323950333
1731,c:\dev\monitor-backend_for_badger\simulations\data_worst_day\data_unified_2020_03_ETHUSDT.csv,1584075206692123.2,19505626969.69697,0.008835474613457272,108591282.33639589,6514071834.147142,975281348.4848486,12991555135.549831,0.0,1.886742076576843,1.0709088323950333
1732,c:\dev\monitor-backend_for_badger\simulations\data_worst_day\data_unified_2020_03_ETHUSDT.csv,1584075267429864.8,19505626969.69697,0.008815452483810703,108591282.33639589,6514071834.147142,975281348.4848486,12991555135.549831,0.0,1.891027346622395,1.0709088323950333
1733,c:\dev\monitor-backend_for_badger\simulations\data_worst_day\data_unified_2020_03_ETHUSDT.csv,1584075329711409.0,19505626969.69697,0.008933751725491094,108591282.33639589,6514071834.147142,975281348.4848486,12991555135.549831,0.0,1.8659866797249705,1.0709088323950333
1734,c:\dev\monitor-backend_for_badger\simulations\data_worst_day\data_unified_2020_03_ETHUSDT.csv,1584075388680296.0,19505626969.69697,0.008996587673419824,108591282.33639589,6514071834.147142,975281348.4848486,12991555135.549831,0.0,1.8529538448214309,1.0709088323950333
1735,c:\dev\monitor-backend_for_badger\simulations\data_worst_day\data_unified_2020_03_ETHUSDT.csv,1584075452843307.2,19505626969.69697,0.009261421501339896,108591282.33639589,6514071834.147142,975281348.4848486,12991555135.549831,0.0,1.7999679333593213,1.0709088323950333
1736,c:\dev\monitor-backend_for_badger\simulations\data_worst_day\data_unified_2020_03_ETHUSDT.csv,1584075505651379.8,19505626969.69697,0.00917060760721004,108591282.33639589,6514071834.147142,975281348.4848486,12991555135.549831,0.0,1.8177924990084624,1.0709088323950333
1737,c:\dev\monitor-backend_for_badger\simulations\data_worst_day\data_unified_2020_03_ETHUSDT.csv,1584075565871111.5,19505626969.69697,0.00919144627134506,108591282.33639589,6514071834.147142,975281348.4848486,12991555135.549831,0.0,1.81367123601723,1.0709088323950333
1738,c:\dev\monitor-backend_for_badger\simulations\data_worst_day\data_unified_2020_03_ETHUSDT.csv,1584075630084212.2,19505626969.69697,0.009055918168890453,108591282.33639589,6514071834.147142,975281348.4848486,12991555135.549831,0.0,1.8408140852026742,1.0709088323950333
1739,c:\dev\monitor-backend_for_badger\simulations\data_worst_day\data_unified_2020_03_ETHUSDT.csv,1584075691766332.8,19505626969.69697,0.008898639346657331,108591282.33639589,6514071834.147142,975281348.4848486,12991555135.549831,0.0,1.873349516743629,1.0709088323950333
1740,c:\dev\monitor-backend_for_badger\simulations\data_worst_day\data_unified_2020_03_ETHUSDT.csv,1584075751156058.5,19505626969.69697,0.008754632307240056,108591282.33639589,6514071834.147142,975281348.4848486,12991555135.549831,0.0,1.9041646907260852,1.0709088323950333
1741,c:\dev\monitor-backend_for_badger\simulations\data_worst_day\data_unified_2020_03_ETHUSDT.csv,1584075809760098.0,19505626969.69697,0.008666286651026967,108591282.33639589,6514071834.147142,975281348.4848486,12991555135.549831,0.0,1.923576081776721,1.0709088323950333
1742,c:\dev\monitor-backend_for_badger\simulations\data_worst_day\data_unified_2020_03_ETHUSDT.csv,1584075865193262.0,19505626969.69697,0.008642693820609315,108591282.33639589,6514071834.147142,975281348.4848486,12991555135.549831,0.0,1.928827060838896,1.0709088323950333
1743,c:\dev\monitor-backend_for_badger\simulations\data_worst_day\data_unified_2020_03_ETHUSDT.csv,1584075931705032.8,19505626969.69697,0.008587919286375619,108591282.33639589,6514071834.147142,975281348.4848486,12991555135.549831,0.0,1.941129296147792,1.0709088323950333
1744,c:\dev\monitor-backend_for_badger\simulations\data_worst_day\data_unified_2020_03_ETHUSDT.csv,1584075992225638.5,19505626969.69697,0.008395835292743839,108591282.33639589,6514071834.147142,975281348.4848486,12991555135.549831,0.0,1.9855393940545436,1.0709088323950333
1745,c:\dev\monitor-backend_for_badger\simulations\data_worst_day\data_unified_2020_03_ETHUSDT.csv,1584076047255629.8,19505626969.69697,0.008332687025691609,108591282.33639589,6514071834.147142,975281348.4848486,12991555135.549831,0.0,2.0005865656946034,1.0709088323950333
1746,c:\dev\monitor-backend_for_badger\simulations\data_worst_day\data_unified_2020_03_ETHUSDT.csv,1584076111799850.0,19505626969.69697,0.008417083731505334,108591282.33639589,6514071834.147142,975281348.4848486,12991555135.549831,0.0,1.9805270152344083,1.0709088323950333
1747,c:\dev\monitor-backend_for_badger\simulations\data_worst_day\data_unified_2020_03_ETHUSDT.csv,1584076173299038.2,19505626969.69697,0.008391414169211839,108591282.33639589,6514071834.147142,975281348.4848486,12991555135.549831,0.0,1.9865855007967153,1.0709088323950333
1748,c:\dev\monitor-backend_for_badger\simulations\data_worst_day\data_unified_2020_03_ETHUSDT.csv,1584076229809123.0,19505626969.69697,0.008288687562712081,108591282.33639589,6514071834.147142,975281348.4848486,12991555135.549831,0.0,2.011206429680141,1.0709088323950333
1749,c:\dev\monitor-backend_for_badger\simulations\data_worst_day\data_unified_2020_03_ETHUSDT.csv,1584076288320069.0,19505626969.69697,0.008212252724243614,108591282.33639589,6514071834.147142,975281348.4848486,12991555135.549831,0.0,2.029925561170764,1.0709088323950333
1750,c:\dev\monitor-backend_for_badger\simulations\data_worst_day\data_unified_2020_03_ETHUSDT.csv,1584076348351080.0,19505626969.69697,0.008347154710529802,108591282.33639589,6514071834.147142,975281348.4848486,12991555135.549831,0.0,1.9971190540780424,1.0709088323950333
1751,c:\dev\monitor-backend_for_badger\simulations\data_worst_day\data_unified_2020_03_ETHUSDT.csv,1584076409057549.0,19505626969.69697,0.008421039211292296,108591282.33639589,6514071834.147142,975281348.4848486,12991555135.549831,0.0,1.9795967340209226,1.0709088323950333
1752,c:\dev\monitor-backend_for_badger\simulations\data_worst_day\data_unified_2020_03_ETHUSDT.csv,1584076468732906.5,19505626969.69697,0.00840912991098797,108591282.33639589,6514071834.147142,975281348.4848486,12991555135.549831,0.0,1.9824003073081078,1.0709088323950333
1753,c:\dev\monitor-backend_for_badger\simulations\data_worst_day\data_unified_2020_03_ETHUSDT.csv,1584076534370089.0,19505626969.69697,0.0084938536571076,108591282.33639589,6514071834.147142,975281348.4848486,12991555135.549831,0.0,1.962626434679245,1.0709088323950333
1754,c:\dev\monitor-backend_for_badger\simulations\data_worst_day\data_unified_2020_03_ETHUSDT.csv,1584076589142206.8,19505626969.69697,0.008483542016412342,108591282.33639589,6514071834.147142,975281348.4848486,12991555135.549831,0.0,1.9650119829059494,1.0709088323950333
1755,c:\dev\monitor-backend_for_badger\simulations\data_worst_day\data_unified_2020_03_ETHUSDT.csv,1584076651611822.5,19505626969.69697,0.008490652250210956,108591282.33639589,6514071834.147142,975281348.4848486,12991555135.549831,0.0,1.963366444470997,1.0709088323950333
1756,c:\dev\monitor-backend_for_badger\simulations\data_worst_day\data_unified_2020_03_ETHUSDT.csv,1584076711180844.8,19505626969.69697,0.008438130645995991,108591282.33639589,6514071834.147142,975281348.4848486,12991555135.549831,0.0,1.9755870605827395,1.0709088323950333
1757,c:\dev\monitor-backend_for_badger\simulations\data_worst_day\data_unified_2020_03_ETHUSDT.csv,1584076767557320.2,19505626969.69697,0.008384755259370427,108591282.33639589,6514071834.147142,975281348.4848486,12991555135.549831,0.0,1.988163184740117,1.0709088323950333
1758,c:\dev\monitor-backend_for_badger\simulations\data_worst_day\data_unified_2020_03_ETHUSDT.csv,1584076832310251.5,19505626969.69697,0.008259709890960296,108591282.33639589,6514071834.147142,975281348.4848486,12991555135.549831,0.0,2.018262377227177,1.0709088323950333
1759,c:\dev\monitor-backend_for_badger\simulations\data_worst_day\data_unified_2020_03_ETHUSDT.csv,1584076890384136.0,19505626969.69697,0.008268192933457357,108591282.33639589,6514071834.147142,975281348.4848486,12991555135.549831,0.0,2.0161916701628853,1.0709088323950333
1760,c:\dev\monitor-backend_for_badger\simulations\data_worst_day\data_unified_2020_03_ETHUSDT.csv,1584076950962900.8,19505626969.69697,0.008201621895529079,108591282.33639589,6514071834.147142,975281348.4848486,12991555135.549831,0.0,2.032556722570173,1.0709088323950333
1761,c:\dev\monitor-backend_for_badger\simulations\data_worst_day\data_unified_2020_03_ETHUSDT.csv,1584077010187263.0,19505626969.69697,0.008318162327028625,108591282.33639589,6514071834.147142,975281348.4848486,12991555135.549831,0.0,2.0040798753793045,1.0709088323950333
1762,c:\dev\monitor-backend_for_badger\simulations\data_worst_day\data_unified_2020_03_ETHUSDT.csv,1584077068627458.8,19505626969.69697,0.008320739386943329,108591282.33639589,6514071834.147142,975281348.4848486,12991555135.549831,0.0,2.0034591812711815,1.0709088323950333
1763,c:\dev\monitor-backend_for_badger\simulations\data_worst_day\data_unified_2020_03_ETHUSDT.csv,1584077130522889.8,19505626969.69697,0.008372280143258545,108591282.33639589,6514071834.147142,975281348.4848486,12991555135.549831,0.0,1.9911256473135863,1.0709088323950333
1764,c:\dev\monitor-backend_for_badger\simulations\data_worst_day\data_unified_2020_03_ETHUSDT.csv,1584077191823746.0,19505626969.69697,0.008374106279605874,108591282.33639589,6514071834.147142,975281348.4848486,12991555135.549831,0.0,1.9906914437346903,1.0709088323950333
1765,c:\dev\monitor-backend_for_badger\simulations\data_worst_day\data_unified_2020_03_ETHUSDT.csv,1584077252729208.0,19505626969.69697,0.008318563531248626,108591282.33639589,6514071834.147142,975281348.4848486,12991555135.549831,0.0,2.0039832186307924,1.0709088323950333
1766,c:\dev\monitor-backend_for_badger\simulations\data_worst_day\data_unified_2020_03_ETHUSDT.csv,1584077309404325.5,19505626969.69697,0.00831983129995759,108591282.33639589,6514071834.147142,975281348.4848486,12991555135.549831,0.0,2.0036778533984614,1.0709088323950333
1767,c:\dev\monitor-backend_for_badger\simulations\data_worst_day\data_unified_2020_03_ETHUSDT.csv,1584077366829384.8,19505626969.69697,0.008262972270577327,108591282.33639589,6514071834.147142,975281348.4848486,12991555135.549831,0.0,2.0174655286083416,1.0709088323950333
1768,c:\dev\monitor-backend_for_badger\simulations\data_worst_day\data_unified_2020_03_ETHUSDT.csv,1584077428899956.5,19505626969.69697,0.008271141047802086,108591282.33639589,6514071834.147142,975281348.4848486,12991555135.549831,0.0,2.01547303127737,1.0709088323950333
1769,c:\dev\monitor-backend_for_badger\simulations\data_worst_day\data_unified_2020_03_ETHUSDT.csv,1584077491268230.5,19505626969.69697,0.008350725975778493,108591282.33639589,6514071834.147142,975281348.4848486,12991555135.549831,0.0,1.9962649676314252,1.0709088323950333
1770,c:\dev\monitor-backend_for_badger\simulations\data_worst_day\data_unified_2020_03_ETHUSDT.csv,1584077551469470.2,19505626969.69697,0.00844023016938716,108591282.33639589,6514071834.147142,975281348.4848486,12991555135.549831,0.0,1.9750956295243747,1.0709088323950333
1771,c:\dev\monitor-backend_for_badger\simulations\data_worst_day\data_unified_2020_03_ETHUSDT.csv,1584077611742083.2,19505626969.69697,0.008438511251151597,108591282.33639589,6514071834.147142,975281348.4848486,12991555135.549831,0.0,1.9754979549812623,1.0709088323950333
1772,c:\dev\monitor-backend_for_badger\simulations\data_worst_day\data_unified_2020_03_ETHUSDT.csv,1584077669285675.0,19505626969.69697,0.008495146638970134,108591282.33639589,6514071834.147142,975281348.4848486,12991555135.549831,0.0,1.9623277181896048,1.0709088323950333
1773,c:\dev\monitor-backend_for_badger\simulations\data_worst_day\data_unified_2020_03_ETHUSDT.csv,1584077726063768.0,19505626969.69697,0.0084679214545909,108591282.33639589,6514071834.147142,975281348.4848486,12991555135.549831,0.0,1.968636791109882,1.0709088323950333
1774,c:\dev\monitor-backend_for_badger\simulations\data_worst_day\data_unified_2020_03_ETHUSDT.csv,1584077787610385.2,19505626969.69697,0.008440586659918833,108591282.33639589,6514071834.147142,975281348.4848486,12991555135.549831,0.0,1.975012210809605,1.0709088323950333
1775,c:\dev\monitor-backend_for_badger\simulations\data_worst_day\data_unified_2020_03_ETHUSDT.csv,1584077852119757.0,19505626969.69697,0.008473315215200278,108591282.33639589,6514071834.147142,975281348.4848486,12991555135.549831,0.0,1.9673836386768164,1.0709088323950333
1776,c:\dev\monitor-backend_for_badger\simulations\data_worst_day\data_unified_2020_03_ETHUSDT.csv,1584077908601297.2,19505626969.69697,0.008457799835752918,108591282.33639589,6514071834.147142,975281348.4848486,12991555135.549831,0.0,1.9709926982745103,1.0709088323950333
1777,c:\dev\monitor-backend_for_badger\simulations\data_worst_day\data_unified_2020_03_ETHUSDT.csv,1584077968377993.0,19505626969.69697,0.008443513468087345,108591282.33639589,6514071834.147142,975281348.4848486,12991555135.549831,0.0,1.9743276045857439,1.0709088323950333
1778,c:\dev\monitor-backend_for_badger\simulations\data_worst_day\data_unified_2020_03_ETHUSDT.csv,1584078027848223.0,19505626969.69697,0.00845750342587758,108591282.33639589,6514071834.147142,975281348.4848486,12991555135.549831,0.0,1.9710617755979911,1.0709088323950333
1779,c:\dev\monitor-backend_for_badger\simulations\data_worst_day\data_unified_2020_03_ETHUSDT.csv,1584078085692943.5,19505626969.69697,0.00845728818516059,108591282.33639589,6514071834.147142,975281348.4848486,12991555135.549831,0.0,1.9711119397570596,1.0709088323950333
1780,c:\dev\monitor-backend_for_badger\simulations\data_worst_day\data_unified_2020_03_ETHUSDT.csv,1584078153848809.0,19505626969.69697,0.008479388066045139,108591282.33639589,6514071834.147142,975281348.4848486,12991555135.549831,0.0,1.9659746186745184,1.0709088323950333
1781,c:\dev\monitor-backend_for_badger\simulations\data_worst_day\data_unified_2020_03_ETHUSDT.csv,1584078208934728.5,19505626969.69697,0.008481261771939254,108591282.33639589,6514071834.147142,975281348.4848486,12991555135.549831,0.0,1.9655402896407326,1.0709088323950333
1782,c:\dev\monitor-backend_for_badger\simulations\data_worst_day\data_unified_2020_03_ETHUSDT.csv,1584078267428480.5,19505626969.69697,0.00845573043379731,108591282.33639589,6514071834.147142,975281348.4848486,12991555135.549831,0.0,1.9714750665543688,1.0709088323950333
1783,c:\dev\monitor-backend_for_badger\simulations\data_worst_day\data_unified_2020_03_ETHUSDT.csv,1584078330180833.2,19505626969.69697,0.0084187613325388,108591282.33639589,6514071834.147142,975281348.4848486,12991555135.549831,0.0,1.9801323569187337,1.0709088323950333
1784,c:\dev\monitor-backend_for_badger\simulations\data_worst_day\data_unified_2020_03_ETHUSDT.csv,1584078389066054.5,19505626969.69697,0.008440751401291049,108591282.33639589,6514071834.147142,975281348.4848486,12991555135.549831,0.0,1.9749736637411888,1.0709088323950333
1785,c:\dev\monitor-backend_for_badger\simulations\data_worst_day\data_unified_2020_03_ETHUSDT.csv,1584078450084807.5,19505626969.69697,0.008462358024878349,108591282.33639589,6514071834.147142,975281348.4848486,12991555135.549831,0.0,1.9699310370381071,1.0709088323950333
1786,c:\dev\monitor-backend_for_badger\simulations\data_worst_day\data_unified_2020_03_ETHUSDT.csv,1584078509549072.8,19505626969.69697,0.008486791962611375,108591282.33639589,6514071834.147142,975281348.4848486,12991555135.549831,0.0,1.9642594979560375,1.0709088323950333
1787,c:\dev\monitor-backend_for_badger\simulations\data_worst_day\data_unified_2020_03_ETHUSDT.csv,1584078571175366.5,19505626969.69697,0.008543056212982467,108591282.33639589,6514071834.147142,975281348.4848486,12991555135.549831,0.0,1.9513229579835105,1.0709088323950333
1788,c:\dev\monitor-backend_for_badger\simulations\data_worst_day\data_unified_2020_03_ETHUSDT.csv,1584078626860774.5,19505626969.69697,0.008507056603452507,108591282.33639589,6514071834.147142,975281348.4848486,12991555135.549831,0.0,1.9595804397223464,1.0709088323950333
1789,c:\dev\monitor-backend_for_badger\simulations\data_worst_day\data_unified_2020_03_ETHUSDT.csv,1584078687803949.8,19505626969.69697,0.008514101394076963,108591282.33639589,6514071834.147142,975281348.4848486,12991555135.549831,0.0,1.9579590315113484,1.0709088323950333
1790,c:\dev\monitor-backend_for_badger\simulations\data_worst_day\data_unified_2020_03_ETHUSDT.csv,1584078752398243.8,19505626969.69697,0.008502239184856937,108591282.33639589,6514071834.147142,975281348.4848486,12991555135.549831,0.0,1.9606907494942294,1.0709088323950333
1791,c:\dev\monitor-backend_for_badger\simulations\data_worst_day\data_unified_2020_03_ETHUSDT.csv,1584078810730342.0,19505626969.69697,0.008511222147725792,108591282.33639589,6514071834.147142,975281348.4848486,12991555135.549831,0.0,1.958621386023941,1.0709088323950333
1792,c:\dev\monitor-backend_for_badger\simulations\data_worst_day\data_unified_2020_03_ETHUSDT.csv,1584078871130635.8,19505626969.69697,0.008527774833322893,108591282.33639589,6514071834.147142,975281348.4848486,12991555135.549831,0.0,1.954819638834284,1.0709088323950333
1793,c:\dev\monitor-backend_for_badger\simulations\data_worst_day\data_unified_2020_03_ETHUSDT.csv,1584078930653001.5,19505626969.69697,0.008574654877328844,108591282.33639589,6514071834.147142,975281348.4848486,12991555135.549831,0.0,1.9441320914048767,1.0709088323950333
1794,c:\dev\monitor-backend_for_badger\simulations\data_worst_day\data_unified_2020_03_ETHUSDT.csv,1584078988091817.2,19505626969.69697,0.00865219077667418,108591282.33639589,6514071834.147142,975281348.4848486,12991555135.549831,0.0,1.9267099108214814,1.0709088323950333
1795,c:\dev\monitor-backend_for_badger\simulations\data_worst_day\data_unified_2020_03_ETHUSDT.csv,1584079049892524.5,19505626969.69697,0.008645793300040163,108591282.33639589,6514071834.147142,975281348.4848486,12991555135.549831,0.0,1.928135584696307,1.0709088323950333
1796,c:\dev\monitor-backend_for_badger\simulations\data_worst_day\data_unified_2020_03_ETHUSDT.csv,1584079106620007.8,19505626969.69697,0.008712012318927105,108591282.33639589,6514071834.147142,975281348.4848486,12991555135.549831,0.0,1.9134800445035778,1.0709088323950333
1797,c:\dev\monitor-backend_for_badger\simulations\data_worst_day\data_unified_2020_03_ETHUSDT.csv,1584079172149893.2,19505626969.69697,0.0085867356394418,108591282.33639589,6514071834.147142,975281348.4848486,12991555135.549831,0.0,1.9413968730054025,1.0709088323950333
1798,c:\dev\monitor-backend_for_badger\simulations\data_worst_day\data_unified_2020_03_ETHUSDT.csv,1584079227982119.0,19505626969.69697,0.00861974225552236,108591282.33639589,6514071834.147142,975281348.4848486,12991555135.549831,0.0,1.9339628988391522,1.0709088323950333
1799,c:\dev\monitor-backend_for_badger\simulations\data_worst_day\data_unified_2020_03_ETHUSDT.csv,1584079289114505.5,19505626969.69697,0.008638595856544461,108591282.33639589,6514071834.147142,975281348.4848486,12991555135.549831,0.0,1.9297420549089854,1.0709088323950333
1800,c:\dev\monitor-backend_for_badger\simulations\data_worst_day\data_unified_2020_03_ETHUSDT.csv,1584079350187311.5,19505626969.69697,0.008674934475910766,108591282.33639589,6514071834.147142,975281348.4848486,12991555135.549831,0.0,1.9216585169637461,1.0709088323950333
1801,c:\dev\monitor-backend_for_badger\simulations\data_worst_day\data_unified_2020_03_ETHUSDT.csv,1584079410507194.8,19505626969.69697,0.008685800761928406,108591282.33639589,6514071834.147142,975281348.4848486,12991555135.549831,0.0,1.9192544448872728,1.0709088323950333
1802,c:\dev\monitor-backend_for_badger\simulations\data_worst_day\data_unified_2020_03_ETHUSDT.csv,1584079469232419.8,19505626969.69697,0.008726055890761681,108591282.33639589,6514071834.147142,975281348.4848486,12991555135.549831,0.0,1.910400520971364,1.0709088323950333
1803,c:\dev\monitor-backend_for_badger\simulations\data_worst_day\data_unified_2020_03_ETHUSDT.csv,1584079528417399.8,19505626969.69697,0.008703313288160324,108591282.33639589,6514071834.147142,975281348.4848486,12991555135.549831,0.0,1.9153925830078966,1.0709088323950333
1804,c:\dev\monitor-backend_for_badger\simulations\data_worst_day\data_unified_2020_03_ETHUSDT.csv,1584079594307632.2,19505626969.69697,0.00867495673636498,108591282.33639589,6514071834.147142,975281348.4848486,12991555135.549831,0.0,1.921653585873859,1.0709088323950333
1805,c:\dev\monitor-backend_for_badger\simulations\data_worst_day\data_unified_2020_03_ETHUSDT.csv,1584079647466968.2,19505626969.69697,0.00870473032637261,108591282.33639589,6514071834.147142,975281348.4848486,12991555135.549831,0.0,1.9150807773137641,1.0709088323950333
1806,c:\dev\monitor-backend_for_badger\simulations\data_worst_day\data_unified_2020_03_ETHUSDT.csv,1584079712388707.2,19505626969.69697,0.008704400551032259,108591282.33639589,6514071834.147142,975281348.4848486,12991555135.549831,0.0,1.9151533321567353,1.0709088323950333
1807,c:\dev\monitor-backend_for_badger\simulations\data_worst_day\data_unified_2020_03_ETHUSDT.csv,1584079767996570.5,19505626969.69697,0.008646875371535214,108591282.33639589,6514071834.147142,975281348.4848486,12991555135.549831,0.0,1.927894297472293,1.0709088323950333
1808,c:\dev\monitor-backend_for_badger\simulations\data_worst_day\data_unified_2020_03_ETHUSDT.csv,1584079826309962.8,19505626969.69697,0.008633432925103593,108591282.33639589,6514071834.147142,975281348.4848486,12991555135.549831,0.0,1.930896071626841,1.0709088323950333
1809,c:\dev\monitor-backend_for_badger\simulations\data_worst_day\data_unified_2020_03_ETHUSDT.csv,1584079888293332.2,19505626969.69697,0.008600251522531634,108591282.33639589,6514071834.147142,975281348.4848486,12991555135.549831,0.0,1.9383458351261302,1.0709088323950333
1810,c:\dev\monitor-backend_for_badger\simulations\data_worst_day\data_unified_2020_03_ETHUSDT.csv,1584079951004030.0,19505626969.69697,0.00850521266412596,108591282.33639589,6514071834.147142,975281348.4848486,12991555135.549831,0.0,1.960005278886166,1.0709088323950333
1811,c:\dev\monitor-backend_for_badger\simulations\data_worst_day\data_unified_2020_03_ETHUSDT.csv,1584080008902586.2,19505626969.69697,0.008522890087493391,108591282.33639589,6514071834.147142,975281348.4848486,12991555135.549831,0.0,1.955940009621681,1.0709088323950333
1812,c:\dev\monitor-backend_for_badger\simulations\data_worst_day\data_unified_2020_03_ETHUSDT.csv,1584080072079655.5,19505626969.69697,0.008408446227049107,108591282.33639589,6514071834.147142,975281348.4848486,12991555135.549831,0.0,1.9825614946682821,1.0709088323950333
1813,c:\dev\monitor-backend_for_badger\simulations\data_worst_day\data_unified_2020_03_ETHUSDT.csv,1584080130753727.5,19505626969.69697,0.00833290304224498,108591282.33639589,6514071834.147142,975281348.4848486,12991555135.549831,0.0,2.000534703838963,1.0709088323950333
1814,c:\dev\monitor-backend_for_badger\simulations\data_worst_day\data_unified_2020_03_ETHUSDT.csv,1584080189406720.5,19505626969.69697,0.008431842988327403,108591282.33639589,6514071834.147142,975281348.4848486,12991555135.549831,0.0,1.977060263433959,1.0709088323950333
1815,c:\dev\monitor-backend_for_badger\simulations\data_worst_day\data_unified_2020_03_ETHUSDT.csv,1584080249726767.2,19505626969.69697,0.008473923750543637,108591282.33639589,6514071834.147142,975281348.4848486,12991555135.549831,0.0,1.967242355545964,1.0709088323950333
1816,c:\dev\monitor-backend_for_badger\simulations\data_worst_day\data_unified_2020_03_ETHUSDT.csv,1584080309315243.2,19505626969.69697,0.008493982465676658,108591282.33639589,6514071834.147142,975281348.4848486,12991555135.549831,0.0,1.9625966720674586,1.0709088323950333
1817,c:\dev\monitor-backend_for_badger\simulations\data_worst_day\data_unified_2020_03_ETHUSDT.csv,1584080372195889.2,19505626969.69697,0.008511227518039307,108591282.33639589,6514071834.147142,975281348.4848486,12991555135.549831,0.0,1.9586201501962206,1.0709088323950333
1818,c:\dev\monitor-backend_for_badger\simulations\data_worst_day\data_unified_2020_03_ETHUSDT.csv,1584080430791184.0,19505626969.69697,0.008432878512608148,108591282.33639589,6514071834.147142,975281348.4848486,12991555135.549831,0.0,1.97681748821738,1.0709088323950333
1819,c:\dev\monitor-backend_for_badger\simulations\data_worst_day\data_unified_2020_03_ETHUSDT.csv,1584080489999762.2,19505626969.69697,0.008447005636210127,108591282.33639589,6514071834.147142,975281348.4848486,12991555135.549831,0.0,1.9735113764190304,1.0709088323950333
1820,c:\dev\monitor-backend_for_badger\simulations\data_worst_day\data_unified_2020_03_ETHUSDT.csv,1584080548573213.5,19505626969.69697,0.008412209980367038,108591282.33639589,6514071834.147142,975281348.4848486,12991555135.549831,0.0,1.981674465882627,1.0709088323950333
1821,c:\dev\monitor-backend_for_badger\simulations\data_worst_day\data_unified_2020_03_ETHUSDT.csv,1584080611802080.0,19505626969.69697,0.008425537706350189,108591282.33639589,6514071834.147142,975281348.4848486,12991555135.549831,0.0,1.978539803717483,1.0709088323950333
1822,c:\dev\monitor-backend_for_badger\simulations\data_worst_day\data_unified_2020_03_ETHUSDT.csv,1584080669837662.0,19505626969.69697,0.008414176021525041,108591282.33639589,6514071834.147142,975281348.4848486,12991555135.549831,0.0,1.9812114314094091,1.0709088323950333
1823,c:\dev\monitor-backend_for_badger\simulations\data_worst_day\data_unified_2020_03_ETHUSDT.csv,1584080732203871.8,19505626969.69697,0.008390194539527333,108591282.33639589,6514071834.147142,975281348.4848486,12991555135.549831,0.0,1.9868742782066033,1.0709088323950333
1824,c:\dev\monitor-backend_for_badger\simulations\data_worst_day\data_unified_2020_03_ETHUSDT.csv,1584080790404486.2,19505626969.69697,0.008396656926553257,108591282.33639589,6514071834.147142,975281348.4848486,12991555135.549831,0.0,1.9853451040757633,1.0709088323950333
1825,c:\dev\monitor-backend_for_badger\simulations\data_worst_day\data_unified_2020_03_ETHUSDT.csv,1584080853258245.5,19505626969.69697,0.008339988816137449,108591282.33639589,6514071834.147142,975281348.4848486,12991555135.549831,0.0,1.9988350209151666,1.0709088323950333
1826,c:\dev\monitor-backend_for_badger\simulations\data_worst_day\data_unified_2020_03_ETHUSDT.csv,1584080911272384.0,19505626969.69697,0.00830475184821595,108591282.33639589,6514071834.147142,975281348.4848486,12991555135.549831,0.0,2.0073160552434213,1.0709088323950333
1827,c:\dev\monitor-backend_for_badger\simulations\data_worst_day\data_unified_2020_03_ETHUSDT.csv,1584080971511606.2,19505626969.69697,0.00832079274366795,108591282.33639589,6514071834.147142,975281348.4848486,12991555135.549831,0.0,2.003446334175584,1.0709088323950333
1828,c:\dev\monitor-backend_for_badger\simulations\data_worst_day\data_unified_2020_03_ETHUSDT.csv,1584081028554083.0,19505626969.69697,0.00829109556430292,108591282.33639589,6514071834.147142,975281348.4848486,12991555135.549831,0.0,2.0106223104591505,1.0709088323950333
1829,c:\dev\monitor-backend_for_badger\simulations\data_worst_day\data_unified_2020_03_ETHUSDT.csv,1584081089036017.5,19505626969.69697,0.008275896997076924,108591282.33639589,6514071834.147142,975281348.4848486,12991555135.549831,0.0,2.014314789759267,1.0709088323950333
1830,c:\dev\monitor-backend_for_badger\simulations\data_worst_day\data_unified_2020_03_ETHUSDT.csv,1584081151444278.8,19505626969.69697,0.008288635559529281,108591282.33639589,6514071834.147142,975281348.4848486,12991555135.549831,0.0,2.011219048058022,1.0709088323950333
1831,c:\dev\monitor-backend_for_badger\simulations\data_worst_day\data_unified_2020_03_ETHUSDT.csv,1584081207908058.8,19505626969.69697,0.008338922443655078,108591282.33639589,6514071834.147142,975281348.4848486,12991555135.549831,0.0,1.9990906297995885,1.0709088323950333
1832,c:\dev\monitor-backend_for_badger\simulations\data_worst_day\data_unified_2020_03_ETHUSDT.csv,1584081273909862.2,19505626969.69697,0.00837215287260623,108591282.33639589,6514071834.147142,975281348.4848486,12991555135.549831,0.0,1.9911559157360377,1.0709088323950333
1833,c:\dev\monitor-backend_for_badger\simulations\data_worst_day\data_unified_2020_03_ETHUSDT.csv,1584081331295834.8,19505626969.69697,0.008422560695257856,108591282.33639589,6514071834.147142,975281348.4848486,12991555135.549831,0.0,1.9792391320043785,1.0709088323950333
1834,c:\dev\monitor-backend_for_badger\simulations\data_worst_day\data_unified_2020_03_ETHUSDT.csv,1584081388815833.5,19505626969.69697,0.00840876915173056,108591282.33639589,6514071834.147142,975281348.4848486,12991555135.549831,0.0,1.9824853577179655,1.0709088323950333
1835,c:\dev\monitor-backend_for_badger\simulations\data_worst_day\data_unified_2020_03_ETHUSDT.csv,1584081452828387.8,19505626969.69697,0.008342318764353658,108591282.33639589,6514071834.147142,975281348.4848486,12991555135.549831,0.0,1.998276761008895,1.0709088323950333
1836,c:\dev\monitor-backend_for_badger\simulations\data_worst_day\data_unified_2020_03_ETHUSDT.csv,1584081509441880.0,19505626969.69697,0.008343265377688189,108591282.33639589,6514071834.147142,975281348.4848486,12991555135.549831,0.0,1.9980500397741714,1.0709088323950333
1837,c:\dev\monitor-backend_for_badger\simulations\data_worst_day\data_unified_2020_03_ETHUSDT.csv,1584081570851728.8,19505626969.69697,0.0083541064679454,108591282.33639589,6514071834.147142,975281348.4848486,12991555135.549831,0.0,1.9954571782990722,1.0709088323950333
1838,c:\dev\monitor-backend_for_badger\simulations\data_worst_day\data_unified_2020_03_ETHUSDT.csv,1584081631493675.0,19505626969.69697,0.00842854877292641,108591282.33639589,6514071834.147142,975281348.4848486,12991555135.549831,0.0,1.977832977995381,1.0709088323950333
1839,c:\dev\monitor-backend_for_badger\simulations\data_worst_day\data_unified_2020_03_ETHUSDT.csv,1584081686204960.5,19505626969.69697,0.008420171560789447,108591282.33639589,6514071834.147142,975281348.4848486,12991555135.549831,0.0,1.9798007201379881,1.0709088323950333
1840,c:\dev\monitor-backend_for_badger\simulations\data_worst_day\data_unified_2020_03_ETHUSDT.csv,1584081748699964.5,19505626969.69697,0.008351377374142734,108591282.33639589,6514071834.147142,975281348.4848486,12991555135.549831,0.0,1.9961092611322153,1.0709088323950333
1841,c:\dev\monitor-backend_for_badger\simulations\data_worst_day\data_unified_2020_03_ETHUSDT.csv,1584081810199704.2,19505626969.69697,0.008282988329124797,108591282.33639589,6514071834.147142,975281348.4848486,12991555135.549831,0.0,2.012590270243418,1.0709088323950333
1842,c:\dev\monitor-backend_for_badger\simulations\data_worst_day\data_unified_2020_03_ETHUSDT.csv,1584081869221424.5,19505626969.69697,0.008238454198774657,108591282.33639589,6514071834.147142,975281348.4848486,12991555135.549831,0.0,2.0234696118375943,1.0709088323950333
1843,c:\dev\monitor-backend_for_badger\simulations\data_worst_day\data_unified_2020_03_ETHUSDT.csv,1584081931183139.8,19505626969.69697,0.008251638823458812,108591282.33639589,6514071834.147142,975281348.4848486,12991555135.549831,0.0,2.0202364737952427,1.0709088323950333
1844,c:\dev\monitor-backend_for_badger\simulations\data_worst_day\data_unified_2020_03_ETHUSDT.csv,1584081990599796.0,19505626969.69697,0.008302424814579743,108591282.33639589,6514071834.147142,975281348.4848486,12991555135.549831,0.0,2.007878673042844,1.0709088323950333
1845,c:\dev\monitor-backend_for_badger\simulations\data_worst_day\data_unified_2020_03_ETHUSDT.csv,1584082051209872.5,19505626969.69697,0.008288692086403416,108591282.33639589,6514071834.147142,975281348.4848486,12991555135.549831,0.0,2.011205332030837,1.0709088323950333
1846,c:\dev\monitor-backend_for_badger\simulations\data_worst_day\data_unified_2020_03_ETHUSDT.csv,1584082108812178.2,19505626969.69697,0.008281165717064373,108591282.33639589,6514071834.147142,975281348.4848486,12991555135.549831,0.0,2.0130332237386828,1.0709088323950333
1847,c:\dev\monitor-backend_for_badger\simulations\data_worst_day\data_unified_2020_03_ETHUSDT.csv,1584082168694473.2,19505626969.69697,0.008282908112419045,108591282.33639589,6514071834.147142,975281348.4848486,12991555135.549831,0.0,2.012609761388233,1.0709088323950333
1848,c:\dev\monitor-backend_for_badger\simulations\data_worst_day\data_unified_2020_03_ETHUSDT.csv,1584082228908277.8,19505626969.69697,0.008250463181973073,108591282.33639589,6514071834.147142,975281348.4848486,12991555135.549831,0.0,2.0205243453676878,1.0709088323950333
1849,c:\dev\monitor-backend_for_badger\simulations\data_worst_day\data_unified_2020_03_ETHUSDT.csv,1584082289001290.0,19505626969.69697,0.00821705815622904,108591282.33639589,6514071834.147142,975281348.4848486,12991555135.549831,0.0,2.028738436894141,1.0709088323950333
1850,c:\dev\monitor-backend_for_badger\simulations\data_worst_day\data_unified_2020_03_ETHUSDT.csv,1584082345866823.5,19505626969.69697,0.008226585741036416,108591282.33639589,6514071834.147142,975281348.4848486,12991555135.549831,0.0,2.026388862220279,1.0709088323950333
1851,c:\dev\monitor-backend_for_badger\simulations\data_worst_day\data_unified_2020_03_ETHUSDT.csv,1584082411490814.5,19505626969.69697,0.008146610987296044,108591282.33639589,6514071834.147142,975281348.4848486,12991555135.549831,0.0,2.046281790763328,1.0709088323950333
1852,c:\dev\monitor-backend_for_badger\simulations\data_worst_day\data_unified_2020_03_ETHUSDT.csv,1584082467995368.8,19505626969.69697,0.00802471857186219,108591282.33639589,6514071834.147142,975281348.4848486,12991555135.549831,0.0,2.077364030956653,1.0709088323950333
1853,c:\dev\monitor-backend_for_badger\simulations\data_worst_day\data_unified_2020_03_ETHUSDT.csv,1584082529147417.0,19505626969.69697,0.00809968697121057,108591282.33639589,6514071834.147142,975281348.4848486,12991555135.549831,0.0,2.0581365402130887,1.0709088323950333
1854,c:\dev\monitor-backend_for_badger\simulations\data_worst_day\data_unified_2020_03_ETHUSDT.csv,1584082590299507.2,19505626969.69697,0.008069900830673552,108591282.33639589,6514071834.147142,975281348.4848486,12991555135.549831,0.0,2.065733157013898,1.0709088323950333
1855,c:\dev\monitor-backend_for_badger\simulations\data_worst_day\data_unified_2020_03_ETHUSDT.csv,1584082653609497.2,19505626969.69697,0.00797132412884014,108591282.33639589,6514071834.147142,975281348.4848486,12991555135.549831,0.0,2.0912788703979026,1.0709088323950333
1856,c:\dev\monitor-backend_for_badger\simulations\data_worst_day\data_unified_2020_03_ETHUSDT.csv,1584082710715017.5,19505626969.69697,0.007894310044948715,108591282.33639589,6514071834.147142,975281348.4848486,12991555135.549831,0.0,2.1116806440105624,1.0709088323950333
1857,c:\dev\monitor-backend_for_badger\simulations\data_worst_day\data_unified_2020_03_ETHUSDT.csv,1584082769982076.0,19505626969.69697,0.007936680113231663,108591282.33639589,6514071834.147142,975281348.4848486,12991555135.549831,0.0,2.1004074098872234,1.0709088323950333
1858,c:\dev\monitor-backend_for_badger\simulations\data_worst_day\data_unified_2020_03_ETHUSDT.csv,1584082830830283.0,19505626969.69697,0.00801834187632046,108591282.33639589,6514071834.147142,975281348.4848486,12991555135.549831,0.0,2.0790160829842512,1.0709088323950333
1859,c:\dev\monitor-backend_for_badger\simulations\data_worst_day\data_unified_2020_03_ETHUSDT.csv,1584082889100418.8,19505626969.69697,0.00809489685597511,108591282.33639589,6514071834.147142,975281348.4848486,12991555135.549831,0.0,2.0593544323460384,1.0709088323950333
1860,c:\dev\monitor-backend_for_badger\simulations\data_worst_day\data_unified_2020_03_ETHUSDT.csv,1584082950917582.5,19505626969.69697,0.00811428400968687,108591282.33639589,6514071834.147142,975281348.4848486,12991555135.549831,0.0,2.054434094226344,1.0709088323950333
1861,c:\dev\monitor-backend_for_badger\simulations\data_worst_day\data_unified_2020_03_ETHUSDT.csv,1584083007030443.2,19505626969.69697,0.00806365321136653,108591282.33639589,6514071834.147142,975281348.4848486,12991555135.549831,0.0,2.0673336616507694,1.0709088323950333
1862,c:\dev\monitor-backend_for_badger\simulations\data_worst_day\data_unified_2020_03_ETHUSDT.csv,1584083064664615.2,19505626969.69697,0.008099754035291715,108591282.33639589,6514071834.147142,975281348.4848486,12991555135.549831,0.0,2.0581194993208176,1.0709088323950333
1863,c:\dev\monitor-backend_for_badger\simulations\data_worst_day\data_unified_2020_03_ETHUSDT.csv,1584083129126479.2,19505626969.69697,0.008129467973644106,108591282.33639589,6514071834.147142,975281348.4848486,12991555135.549831,0.0,2.0505968870019133,1.0709088323950333
1864,c:\dev\monitor-backend_for_badger\simulations\data_worst_day\data_unified_2020_03_ETHUSDT.csv,1584083190556448.8,19505626969.69697,0.008124582082040786,108591282.33639589,6514071834.147142,975281348.4848486,12991555135.549831,0.0,2.051830057398966,1.0709088323950333
1865,c:\dev\monitor-backend_for_badger\simulations\data_worst_day\data_unified_2020_03_ETHUSDT.csv,1584083252186739.2,19505626969.69697,0.008123498795510362,108591282.33639589,6514071834.147142,975281348.4848486,12991555135.549831,0.0,2.0521036734749756,1.0709088323950333
1866,c:\dev\monitor-backend_for_badger\simulations\data_worst_day\data_unified_2020_03_ETHUSDT.csv,1584083309114531.8,19505626969.69697,0.008186869074806313,108591282.33639589,6514071834.147142,975281348.4848486,12991555135.549831,0.0,2.0362194103037785,1.0709088323950333
1867,c:\dev\monitor-backend_for_badger\simulations\data_worst_day\data_unified_2020_03_ETHUSDT.csv,1584083368916358.5,19505626969.69697,0.008187749403156098,108591282.33639589,6514071834.147142,975281348.4848486,12991555135.549831,0.0,2.036000480585121,1.0709088323950333
1868,c:\dev\monitor-backend_for_badger\simulations\data_worst_day\data_unified_2020_03_ETHUSDT.csv,1584083425841703.2,19505626969.69697,0.008176958855284999,108591282.33639589,6514071834.147142,975281348.4848486,12991555135.549831,0.0,2.0386872448259776,1.0709088323950333
1869,c:\dev\monitor-backend_for_badger\simulations\data_worst_day\data_unified_2020_03_ETHUSDT.csv,1584083489651422.0,19505626969.69697,0.008159971243848109,108591282.33639589,6514071834.147142,975281348.4848486,12991555135.549831,0.0,2.0429314297282906,1.0709088323950333
1870,c:\dev\monitor-backend_for_badger\simulations\data_worst_day\data_unified_2020_03_ETHUSDT.csv,1584083550271012.0,19505626969.69697,0.008144998891420483,108591282.33639589,6514071834.147142,975281348.4848486,12991555135.549831,0.0,2.0466868003255274,1.0709088323950333
1871,c:\dev\monitor-backend_for_badger\simulations\data_worst_day\data_unified_2020_03_ETHUSDT.csv,1584083610381195.2,19505626969.69697,0.008134066054529992,108591282.33639589,6514071834.147142,975281348.4848486,12991555135.549831,0.0,2.0494377114693356,1.0709088323950333
1872,c:\dev\monitor-backend_for_badger\simulations\data_worst_day\data_unified_2020_03_ETHUSDT.csv,1584083664649906.0,19505626969.69697,0.008098696042903065,108591282.33639589,6514071834.147142,975281348.4848486,12991555135.549831,0.0,2.0583883666488014,1.0709088323950333
1873,c:\dev\monitor-backend_for_badger\simulations\data_worst_day\data_unified_2020_03_ETHUSDT.csv,1584083730390038.8,19505626969.69697,0.008115240923721193,108591282.33639589,6514071834.147142,975281348.4848486,12991555135.549831,0.0,2.05419184426287,1.0709088323950333
1874,c:\dev\monitor-backend_for_badger\simulations\data_worst_day\data_unified_2020_03_ETHUSDT.csv,1584083786485629.0,19505626969.69697,0.00811886448069738,108591282.33639589,6514071834.147142,975281348.4848486,12991555135.549831,0.0,2.0532750311783063,1.0709088323950333
1875,c:\dev\monitor-backend_for_badger\simulations\data_worst_day\data_unified_2020_03_ETHUSDT.csv,1584083852730378.0,19505626969.69697,0.008123871184266869,108591282.33639589,6514071834.147142,975281348.4848486,12991555135.549831,0.0,2.052009607441941,1.0709088323950333
1876,c:\dev\monitor-backend_for_badger\simulations\data_worst_day\data_unified_2020_03_ETHUSDT.csv,1584083910014634.0,19505626969.69697,0.008120411954846612,108591282.33639589,6514071834.147142,975281348.4848486,12991555135.549831,0.0,2.0528837468383387,1.0709088323950333
1877,c:\dev\monitor-backend_for_badger\simulations\data_worst_day\data_unified_2020_03_ETHUSDT.csv,1584083967555451.8,19505626969.69697,0.008095145042451693,108591282.33639589,6514071834.147142,975281348.4848486,12991555135.549831,0.0,2.059291295253631,1.0709088323950333
1878,c:\dev\monitor-backend_for_badger\simulations\data_worst_day\data_unified_2020_03_ETHUSDT.csv,1584084029083701.2,19505626969.69697,0.008087916983498597,108591282.33639589,6514071834.147142,975281348.4848486,12991555135.549831,0.0,2.0611316552516445,1.0709088323950333
1879,c:\dev\monitor-backend_for_badger\simulations\data_worst_day\data_unified_2020_03_ETHUSDT.csv,1584084092419912.8,19505626969.69697,0.008107009735076371,108591282.33639589,6514071834.147142,975281348.4848486,12991555135.549831,0.0,2.0562775011370222,1.0709088323950333
1880,c:\dev\monitor-backend_for_badger\simulations\data_worst_day\data_unified_2020_03_ETHUSDT.csv,1584084148892702.0,19505626969.69697,0.008139772289388308,108591282.33639589,6514071834.147142,975281348.4848486,12991555135.549831,0.0,2.0480009915595683,1.0709088323950333
1881,c:\dev\monitor-backend_for_badger\simulations\data_worst_day\data_unified_2020_03_ETHUSDT.csv,1584084207118972.0,19505626969.69697,0.008144871699490018,108591282.33639589,6514071834.147142,975281348.4848486,12991555135.549831,0.0,2.046718761792177,1.0709088323950333
1882,c:\dev\monitor-backend_for_badger\simulations\data_worst_day\data_unified_2020_03_ETHUSDT.csv,1584084269697292.0,19505626969.69697,0.008154034822890125,108591282.33639589,6514071834.147142,975281348.4848486,12991555135.549831,0.0,2.04441875486469,1.0709088323950333
1883,c:\dev\monitor-backend_for_badger\simulations\data_worst_day\data_unified_2020_03_ETHUSDT.csv,1584084332258329.0,19505626969.69697,0.00811233148314243,108591282.33639589,6514071834.147142,975281348.4848486,12991555135.549831,0.0,2.0549285682392857,1.0709088323950333
1884,c:\dev\monitor-backend_for_badger\simulations\data_worst_day\data_unified_2020_03_ETHUSDT.csv,1584084389982220.2,19505626969.69697,0.00809777324606905,108591282.33639589,6514071834.147142,975281348.4848486,12991555135.549831,0.0,2.0586229341292928,1.0709088323950333
1885,c:\dev\monitor-backend_for_badger\simulations\data_worst_day\data_unified_2020_03_ETHUSDT.csv,1584084448442601.5,19505626969.69697,0.008106728269840172,108591282.33639589,6514071834.147142,975281348.4848486,12991555135.549831,0.0,2.056348894998181,1.0709088323950333
1886,c:\dev\monitor-backend_for_badger\simulations\data_worst_day\data_unified_2020_03_ETHUSDT.csv,1584084508321435.2,19505626969.69697,0.008079280285909606,108591282.33639589,6514071834.147142,975281348.4848486,12991555135.549831,0.0,2.0633349914607564,1.0709088323950333
1887,c:\dev\monitor-backend_for_badger\simulations\data_worst_day\data_unified_2020_03_ETHUSDT.csv,1584084569617596.0,19505626969.69697,0.00807401911822602,108591282.33639589,6514071834.147142,975281348.4848486,12991555135.549831,0.0,2.064679495507444,1.0709088323950333
1888,c:\dev\monitor-backend_for_badger\simulations\data_worst_day\data_unified_2020_03_ETHUSDT.csv,1584084634393206.5,19505626969.69697,0.008145430691114995,108591282.33639589,6514071834.147142,975281348.4848486,12991555135.549831,0.0,2.046578302841642,1.0709088323950333
1889,c:\dev\monitor-backend_for_badger\simulations\data_worst_day\data_unified_2020_03_ETHUSDT.csv,1584084687770744.2,19505626969.69697,0.008172062335590067,108591282.33639589,6514071834.147142,975281348.4848486,12991555135.549831,0.0,2.039908781304306,1.0709088323950333
1890,c:\dev\monitor-backend_for_badger\simulations\data_worst_day\data_unified_2020_03_ETHUSDT.csv,1584084752839718.2,19505626969.69697,0.008253359317369601,108591282.33639589,6514071834.147142,975281348.4848486,12991555135.549831,0.0,2.0198153356358746,1.0709088323950333
1891,c:\dev\monitor-backend_for_badger\simulations\data_worst_day\data_unified_2020_03_ETHUSDT.csv,1584084805060611.0,19505626969.69697,0.008281962456676631,108591282.33639589,6514071834.147142,975281348.4848486,12991555135.549831,0.0,2.0128395663394207,1.0709088323950333
1892,c:\dev\monitor-backend_for_badger\simulations\data_worst_day\data_unified_2020_03_ETHUSDT.csv,1584084868160225.5,19505626969.69697,0.008247283857049028,108591282.33639589,6514071834.147142,975281348.4848486,12991555135.549831,0.0,2.021303256767151,1.0709088323950333
1893,c:\dev\monitor-backend_for_badger\simulations\data_worst_day\data_unified_2020_03_ETHUSDT.csv,1584084930288119.8,19505626969.69697,0.00824818838890529,108591282.33639589,6514071834.147142,975281348.4848486,12991555135.549831,0.0,2.021081591948078,1.0709088323950333
1894,c:\dev\monitor-backend_for_badger\simulations\data_worst_day\data_unified_2020_03_ETHUSDT.csv,1584084990384712.5,19505626969.69697,0.008288253657998132,108591282.33639589,6514071834.147142,975281348.4848486,12991555135.549831,0.0,2.011311719888015,1.0709088323950333
1895,c:\dev\monitor-backend_for_badger\simulations\data_worst_day\data_unified_2020_03_ETHUSDT.csv,1584085047932689.5,19505626969.69697,0.008274788613213487,108591282.33639589,6514071834.147142,975281348.4848486,12991555135.549831,0.0,2.0145846013657276,1.0709088323950333
1896,c:\dev\monitor-backend_for_badger\simulations\data_worst_day\data_unified_2020_03_ETHUSDT.csv,1584085110247107.8,19505626969.69697,0.008253874227680922,108591282.33639589,6514071834.147142,975281348.4848486,12991555135.549831,0.0,2.019689331323888,1.0709088323950333
1897,c:\dev\monitor-backend_for_badger\simulations\data_worst_day\data_unified_2020_03_ETHUSDT.csv,1584085169634202.8,19505626969.69697,0.008253932702606048,108591282.33639589,6514071834.147142,975281348.4848486,12991555135.549831,0.0,2.019675022849772,1.0709088323950333
1898,c:\dev\monitor-backend_for_badger\simulations\data_worst_day\data_unified_2020_03_ETHUSDT.csv,1584085229825519.0,19505626969.69697,0.008239495401176555,108591282.33639589,6514071834.147142,975281348.4848486,12991555135.549831,0.0,2.0232139115407395,1.0709088323950333
1899,c:\dev\monitor-backend_for_badger\simulations\data_worst_day\data_unified_2020_03_ETHUSDT.csv,1584085291866267.2,19505626969.69697,0.008217326702238471,108591282.33639589,6514071834.147142,975281348.4848486,12991555135.549831,0.0,2.0286721367905733,1.0709088323950333
1900,c:\dev\monitor-backend_for_badger\simulations\data_worst_day\data_unified_2020_03_ETHUSDT.csv,1584085348608873.8,19505626969.69697,0.008190159714545647,108591282.33639589,6514071834.147142,975281348.4848486,12991555135.549831,0.0,2.0354012987231647,1.0709088323950333
1901,c:\dev\monitor-backend_for_badger\simulations\data_worst_day\data_unified_2020_03_ETHUSDT.csv,1584085408241979.0,19505626969.69697,0.008165251293197836,108591282.33639589,6514071834.147142,975281348.4848486,12991555135.549831,0.0,2.041610370721073,1.0709088323950333
1902,c:\dev\monitor-backend_for_badger\simulations\data_worst_day\data_unified_2020_03_ETHUSDT.csv,1584085468481337.0,19505626969.69697,0.008182135704470739,108591282.33639589,6514071834.147142,975281348.4848486,12991555135.549831,0.0,2.037397364434775,1.0709088323950333
1903,c:\dev\monitor-backend_for_badger\simulations\data_worst_day\data_unified_2020_03_ETHUSDT.csv,1584085527379300.0,19505626969.69697,0.008195317713057705,108591282.33639589,6514071834.147142,975281348.4848486,12991555135.549831,0.0,2.034120250539575,1.0709088323950333
1904,c:\dev\monitor-backend_for_badger\simulations\data_worst_day\data_unified_2020_03_ETHUSDT.csv,1584085592136655.5,19505626969.69697,0.008231464538430242,108591282.33639589,6514071834.147142,975281348.4848486,12991555135.549831,0.0,2.0251878194831425,1.0709088323950333
1905,c:\dev\monitor-backend_for_badger\simulations\data_worst_day\data_unified_2020_03_ETHUSDT.csv,1584085650610837.5,19505626969.69697,0.008248159318222115,108591282.33639589,6514071834.147142,975281348.4848486,12991555135.549831,0.0,2.0210887152613366,1.0709088323950333
1906,c:\dev\monitor-backend_for_badger\simulations\data_worst_day\data_unified_2020_03_ETHUSDT.csv,1584085709479248.8,19505626969.69697,0.00822653344868625,108591282.33639589,6514071834.147142,975281348.4848486,12991555135.549831,0.0,2.0264017430572214,1.0709088323950333
1907,c:\dev\monitor-backend_for_badger\simulations\data_worst_day\data_unified_2020_03_ETHUSDT.csv,1584085767275996.2,19505626969.69697,0.008155260300132012,108591282.33639589,6514071834.147142,975281348.4848486,12991555135.549831,0.0,2.04411154349868,1.0709088323950333
1908,c:\dev\monitor-backend_for_badger\simulations\data_worst_day\data_unified_2020_03_ETHUSDT.csv,1584085829544561.8,19505626969.69697,0.008091849178115309,108591282.33639589,6514071834.147142,975281348.4848486,12991555135.549831,0.0,2.060130058382905,1.0709088323950333
1909,c:\dev\monitor-backend_for_badger\simulations\data_worst_day\data_unified_2020_03_ETHUSDT.csv,1584085888990196.2,19505626969.69697,0.007992258537172203,108591282.33639589,6514071834.147142,975281348.4848486,12991555135.549831,0.0,2.0858011089359203,1.0709088323950333
1910,c:\dev\monitor-backend_for_badger\simulations\data_worst_day\data_unified_2020_03_ETHUSDT.csv,1584085950398987.0,19505626969.69697,0.008008436551754913,108591282.33639589,6514071834.147142,975281348.4848486,12991555135.549831,0.0,2.081587537343147,1.0709088323950333
1911,c:\dev\monitor-backend_for_badger\simulations\data_worst_day\data_unified_2020_03_ETHUSDT.csv,1584086012345991.8,19505626969.69697,0.00792252228835392,108591282.33639589,6514071834.147142,975281348.4848486,12991555135.549831,0.0,2.1041609115119284,1.0709088323950333
1912,c:\dev\monitor-backend_for_badger\simulations\data_worst_day\data_unified_2020_03_ETHUSDT.csv,1584086071869854.0,19505626969.69697,0.007904612129209013,108591282.33639589,6514071834.147142,975281348.4848486,12991555135.549831,0.0,2.1089284897530436,1.0709088323950333
1913,c:\dev\monitor-backend_for_badger\simulations\data_worst_day\data_unified_2020_03_ETHUSDT.csv,1584086129461505.5,19505626969.69697,0.007964308215857413,108591282.33639589,6514071834.147142,975281348.4848486,12991555135.549831,0.0,2.093121118359642,1.0709088323950333
1914,c:\dev\monitor-backend_for_badger\simulations\data_worst_day\data_unified_2020_03_ETHUSDT.csv,1584086186392607.2,19505626969.69697,0.007970987345187962,108591282.33639589,6514071834.147142,975281348.4848486,12991555135.549831,0.0,2.09136722940604,1.0709088323950333
1915,c:\dev\monitor-backend_for_badger\simulations\data_worst_day\data_unified_2020_03_ETHUSDT.csv,1584086249773231.5,19505626969.69697,0.00782877266730965,108591282.33639589,6514071834.147142,975281348.4848486,12991555135.549831,0.0,2.1293582567987728,1.0709088323950333
1916,c:\dev\monitor-backend_for_badger\simulations\data_worst_day\data_unified_2020_03_ETHUSDT.csv,1584086309040066.8,19505626969.69697,0.007864217932752979,108591282.33639589,6514071834.147142,975281348.4848486,12991555135.549831,0.0,2.1197609046804096,1.0709088323950333
1917,c:\dev\monitor-backend_for_badger\simulations\data_worst_day\data_unified_2020_03_ETHUSDT.csv,1584086369331051.0,19505626969.69697,0.007869498336379703,108591282.33639589,6514071834.147142,975281348.4848486,12991555135.549831,0.0,2.1183385531288352,1.0709088323950333
1918,c:\dev\monitor-backend_for_badger\simulations\data_worst_day\data_unified_2020_03_ETHUSDT.csv,1584086428998738.0,19505626969.69697,0.007834808420362813,108591282.33639589,6514071834.147142,975281348.4848486,12991555135.549831,0.0,2.127717849029982,1.0709088323950333
1919,c:\dev\monitor-backend_for_badger\simulations\data_worst_day\data_unified_2020_03_ETHUSDT.csv,1584086491908467.5,19505626969.69697,0.007804304422862106,108591282.33639589,6514071834.147142,975281348.4848486,12991555135.549831,0.0,2.136034272433314,1.0709088323950333
1920,c:\dev\monitor-backend_for_badger\simulations\data_worst_day\data_unified_2020_03_ETHUSDT.csv,1584086548358232.2,19505626969.69697,0.007784120777961776,108591282.33639589,6514071834.147142,975281348.4848486,12991555135.549831,0.0,2.141572850068413,1.0709088323950333
1921,c:\dev\monitor-backend_for_badger\simulations\data_worst_day\data_unified_2020_03_ETHUSDT.csv,1584086616260675.5,19505626969.69697,0.00774307146738812,108591282.33639589,6514071834.147142,975281348.4848486,12991555135.549831,0.0,2.152926237339708,1.0709088323950333
1922,c:\dev\monitor-backend_for_badger\simulations\data_worst_day\data_unified_2020_03_ETHUSDT.csv,1584086668492792.5,19505626969.69697,0.00764584152799074,108591282.33639589,6514071834.147142,975281348.4848486,12991555135.549831,0.0,2.1803043731298932,1.0709088323950333
1923,c:\dev\monitor-backend_for_badger\simulations\data_worst_day\data_unified_2020_03_ETHUSDT.csv,1584086728861434.8,19505626969.69697,0.007562393728467018,108591282.33639589,6514071834.147142,975281348.4848486,12991555135.549831,0.0,2.204363104896894,1.0709088323950333
1924,c:\dev\monitor-backend_for_badger\simulations\data_worst_day\data_unified_2020_03_ETHUSDT.csv,1584086784569840.0,19505626969.69697,0.007687689103957351,108591282.33639589,6514071834.147142,975281348.4848486,12991555135.549831,0.0,2.1684359882809376,1.0709088323950333
1925,c:\dev\monitor-backend_for_badger\simulations\data_worst_day\data_unified_2020_03_ETHUSDT.csv,1584086850426989.5,19505626969.69697,0.007750274820108142,108591282.33639589,6514071834.147142,975281348.4848486,12991555135.549831,0.0,2.1509252389973637,1.0709088323950333
1926,c:\dev\monitor-backend_for_badger\simulations\data_worst_day\data_unified_2020_03_ETHUSDT.csv,1584086912215842.2,19505626969.69697,0.007729998101543788,108591282.33639589,6514071834.147142,975281348.4848486,12991555135.549831,0.0,2.156567375664306,1.0709088323950333
1927,c:\dev\monitor-backend_for_badger\simulations\data_worst_day\data_unified_2020_03_ETHUSDT.csv,1584086970109262.5,19505626969.69697,0.007743516083054932,108591282.33639589,6514071834.147142,975281348.4848486,12991555135.549831,0.0,2.1528026210490787,1.0709088323950333
1928,c:\dev\monitor-backend_for_badger\simulations\data_worst_day\data_unified_2020_03_ETHUSDT.csv,1584087029026520.5,19505626969.69697,0.007781276421366417,108591282.33639589,6514071834.147142,975281348.4848486,12991555135.549831,0.0,2.142355677528932,1.0709088323950333
1929,c:\dev\monitor-backend_for_badger\simulations\data_worst_day\data_unified_2020_03_ETHUSDT.csv,1584087093057739.2,19505626969.69697,0.007891837457587618,108591282.33639589,6514071834.147142,975281348.4848486,12991555135.549831,0.0,2.1123422535405503,1.0709088323950333
1930,c:\dev\monitor-backend_for_badger\simulations\data_worst_day\data_unified_2020_03_ETHUSDT.csv,1584087150179139.2,19505626969.69697,0.007962270208283866,108591282.33639589,6514071834.147142,975281348.4848486,12991555135.549831,0.0,2.0936568696692532,1.0709088323950333
1931,c:\dev\monitor-backend_for_badger\simulations\data_worst_day\data_unified_2020_03_ETHUSDT.csv,1584087206067934.0,19505626969.69697,0.007959994917514923,108591282.33639589,6514071834.147142,975281348.4848486,12991555135.549831,0.0,2.0942553220801225,1.0709088323950333
1932,c:\dev\monitor-backend_for_badger\simulations\data_worst_day\data_unified_2020_03_ETHUSDT.csv,1584087268981403.5,19505626969.69697,0.007974239913647744,108591282.33639589,6514071834.147142,975281348.4848486,12991555135.549831,0.0,2.0905141932343363,1.0709088323950333
1933,c:\dev\monitor-backend_for_badger\simulations\data_worst_day\data_unified_2020_03_ETHUSDT.csv,1584087328734087.8,19505626969.69697,0.007957082088287973,108591282.33639589,6514071834.147142,975281348.4848486,12991555135.549831,0.0,2.0950219609111875,1.0709088323950333
1934,c:\dev\monitor-backend_for_badger\simulations\data_worst_day\data_unified_2020_03_ETHUSDT.csv,1584087389151884.0,19505626969.69697,0.0079251220507681,108591282.33639589,6514071834.147142,975281348.4848486,12991555135.549831,0.0,2.103470661138989,1.0709088323950333
1935,c:\dev\monitor-backend_for_badger\simulations\data_worst_day\data_unified_2020_03_ETHUSDT.csv,1584087448870309.8,19505626969.69697,0.00791190264298859,108591282.33639589,6514071834.147142,975281348.4848486,12991555135.549831,0.0,2.106985193316211,1.0709088323950333
1936,c:\dev\monitor-backend_for_badger\simulations\data_worst_day\data_unified_2020_03_ETHUSDT.csv,1584087512420946.5,19505626969.69697,0.007873046466298718,108591282.33639589,6514071834.147142,975281348.4848486,12991555135.549831,0.0,2.1173838857797813,1.0709088323950333
1937,c:\dev\monitor-backend_for_badger\simulations\data_worst_day\data_unified_2020_03_ETHUSDT.csv,1584087570456937.5,19505626969.69697,0.007842043243039389,108591282.33639589,6514071834.147142,975281348.4848486,12991555135.549831,0.0,2.1257548834014535,1.0709088323950333
1938,c:\dev\monitor-backend_for_badger\simulations\data_worst_day\data_unified_2020_03_ETHUSDT.csv,1584087633188607.5,19505626969.69697,0.007891874751958768,108591282.33639589,6514071834.147142,975281348.4848486,12991555135.549831,0.0,2.1123322713147195,1.0709088323950333
1939,c:\dev\monitor-backend_for_badger\simulations\data_worst_day\data_unified_2020_03_ETHUSDT.csv,1584087689956902.0,19505626969.69697,0.007912240574118528,108591282.33639589,6514071834.147142,975281348.4848486,12991555135.549831,0.0,2.1068952041556854,1.0709088323950333
1940,c:\dev\monitor-backend_for_badger\simulations\data_worst_day\data_unified_2020_03_ETHUSDT.csv,1584087746693575.5,19505626969.69697,0.007933563367734174,108591282.33639589,6514071834.147142,975281348.4848486,12991555135.549831,0.0,2.1012325668859413,1.0709088323950333
1941,c:\dev\monitor-backend_for_badger\simulations\data_worst_day\data_unified_2020_03_ETHUSDT.csv,1584087808301407.5,19505626969.69697,0.0079018548061728,108591282.33639589,6514071834.147142,975281348.4848486,12991555135.549831,0.0,2.1096643925567724,1.0709088323950333
1942,c:\dev\monitor-backend_for_badger\simulations\data_worst_day\data_unified_2020_03_ETHUSDT.csv,1584087871261300.8,19505626969.69697,0.007848401436839417,108591282.33639589,6514071834.147142,975281348.4848486,12991555135.549831,0.0,2.1240327541718527,1.0709088323950333
1943,c:\dev\monitor-backend_for_badger\simulations\data_worst_day\data_unified_2020_03_ETHUSDT.csv,1584087929620107.8,19505626969.69697,0.007877163807935716,108591282.33639589,6514071834.147142,975281348.4848486,12991555135.549831,0.0,2.116277143169497,1.0709088323950333
1944,c:\dev\monitor-backend_for_badger\simulations\data_worst_day\data_unified_2020_03_ETHUSDT.csv,1584087989846305.8,19505626969.69697,0.00794674178427337,108591282.33639589,6514071834.147142,975281348.4848486,12991555135.549831,0.0,2.0977480044370966,1.0709088323950333
1945,c:\dev\monitor-backend_for_badger\simulations\data_worst_day\data_unified_2020_03_ETHUSDT.csv,1584088048706347.8,19505626969.69697,0.007946200180631167,108591282.33639589,6514071834.147142,975281348.4848486,12991555135.549831,0.0,2.0978909844695397,1.0709088323950333
1946,c:\dev\monitor-backend_for_badger\simulations\data_worst_day\data_unified_2020_03_ETHUSDT.csv,1584088113726891.8,19505626969.69697,0.007916884578475773,108591282.33639589,6514071834.147142,975281348.4848486,12991555135.549831,0.0,2.1056593101103234,1.0709088323950333
1947,c:\dev\monitor-backend_for_badger\simulations\data_worst_day\data_unified_2020_03_ETHUSDT.csv,1584088169262546.8,19505626969.69697,0.007940868211185982,108591282.33639589,6514071834.147142,975281348.4848486,12991555135.549831,0.0,2.0992996327849425,1.0709088323950333
1948,c:\dev\monitor-backend_for_badger\simulations\data_worst_day\data_unified_2020_03_ETHUSDT.csv,1584088231037014.5,19505626969.69697,0.00795376791329738,108591282.33639589,6514071834.147142,975281348.4848486,12991555135.549831,0.0,2.095894914392265,1.0709088323950333
1949,c:\dev\monitor-backend_for_badger\simulations\data_worst_day\data_unified_2020_03_ETHUSDT.csv,1584088288982261.5,19505626969.69697,0.007958010553457198,108591282.33639589,6514071834.147142,975281348.4848486,12991555135.549831,0.0,2.094777533625448,1.0709088323950333
1950,c:\dev\monitor-backend_for_badger\simulations\data_worst_day\data_unified_2020_03_ETHUSDT.csv,1584088349756315.5,19505626969.69697,0.008000786811553594,108591282.33639589,6514071834.147142,975281348.4848486,12991555135.549831,0.0,2.0835777920820915,1.0709088323950333
1951,c:\dev\monitor-backend_for_badger\simulations\data_worst_day\data_unified_2020_03_ETHUSDT.csv,1584088411313620.8,19505626969.69697,0.008150124219695867,108591282.33639589,6514071834.147142,975281348.4848486,12991555135.549831,0.0,2.045399710528391,1.0709088323950333
1952,c:\dev\monitor-backend_for_badger\simulations\data_worst_day\data_unified_2020_03_ETHUSDT.csv,1584088466235699.5,19505626969.69697,0.008128741135052254,108591282.33639589,6514071834.147142,975281348.4848486,12991555135.549831,0.0,2.050780242939695,1.0709088323950333
1953,c:\dev\monitor-backend_for_badger\simulations\data_worst_day\data_unified_2020_03_ETHUSDT.csv,1584088532164429.2,19505626969.69697,0.008197633909302601,108591282.33639589,6514071834.147142,975281348.4848486,12991555135.549831,0.0,2.033545521082503,1.0709088323950333
1954,c:\dev\monitor-backend_for_badger\simulations\data_worst_day\data_unified_2020_03_ETHUSDT.csv,1584088590699800.0,19505626969.69697,0.008270154414766655,108591282.33639589,6514071834.147142,975281348.4848486,12991555135.549831,0.0,2.0157134780906882,1.0709088323950333
1955,c:\dev\monitor-backend_for_badger\simulations\data_worst_day\data_unified_2020_03_ETHUSDT.csv,1584088652876871.5,19505626969.69697,0.008245417836888895,108591282.33639589,6514071834.147142,975281348.4848486,12991555135.549831,0.0,2.02176069782126,1.0709088323950333
1956,c:\dev\monitor-backend_for_badger\simulations\data_worst_day\data_unified_2020_03_ETHUSDT.csv,1584088708557593.5,19505626969.69697,0.008191036063910528,108591282.33639589,6514071834.147142,975281348.4848486,12991555135.549831,0.0,2.0351835335196546,1.0709088323950333
1957,c:\dev\monitor-backend_for_badger\simulations\data_worst_day\data_unified_2020_03_ETHUSDT.csv,1584088772132641.2,19505626969.69697,0.00811519662157123,108591282.33639589,6514071834.147142,975281348.4848486,12991555135.549831,0.0,2.0542030584230906,1.0709088323950333
1958,c:\dev\monitor-backend_for_badger\simulations\data_worst_day\data_unified_2020_03_ETHUSDT.csv,1584088829239401.8,19505626969.69697,0.008097141721757113,108591282.33639589,6514071834.147142,975281348.4848486,12991555135.549831,0.0,2.0587834933089004,1.0709088323950333
1959,c:\dev\monitor-backend_for_badger\simulations\data_worst_day\data_unified_2020_03_ETHUSDT.csv,1584088891566273.5,19505626969.69697,0.008101364044589953,108591282.33639589,6514071834.147142,975281348.4848486,12991555135.549831,0.0,2.057710482825255,1.0709088323950333
1960,c:\dev\monitor-backend_for_badger\simulations\data_worst_day\data_unified_2020_03_ETHUSDT.csv,1584088945518629.8,19505626969.69697,0.008137434525403732,108591282.33639589,6514071834.147142,975281348.4848486,12991555135.549831,0.0,2.048589351803021,1.0709088323950333
1961,c:\dev\monitor-backend_for_badger\simulations\data_worst_day\data_unified_2020_03_ETHUSDT.csv,1584089017538088.8,19505626969.69697,0.008123222701992372,108591282.33639589,6514071834.147142,975281348.4848486,12991555135.549831,0.0,2.0521734207345643,1.0709088323950333
1962,c:\dev\monitor-backend_for_badger\simulations\data_worst_day\data_unified_2020_03_ETHUSDT.csv,1584089067662768.8,19505626969.69697,0.008084426176600833,108591282.33639589,6514071834.147142,975281348.4848486,12991555135.549831,0.0,2.062021639579806,1.0709088323950333
1963,c:\dev\monitor-backend_for_badger\simulations\data_worst_day\data_unified_2020_03_ETHUSDT.csv,1584089132966826.8,19505626969.69697,0.008126973466034375,108591282.33639589,6514071834.147142,975281348.4848486,12991555135.549831,0.0,2.051226300837272,1.0709088323950333
1964,c:\dev\monitor-backend_for_badger\simulations\data_worst_day\data_unified_2020_03_ETHUSDT.csv,1584089191300870.2,19505626969.69697,0.008175507569713513,108591282.33639589,6514071834.147142,975281348.4848486,12991555135.549831,0.0,2.039049144971988,1.0709088323950333
1965,c:\dev\monitor-backend_for_badger\simulations\data_worst_day\data_unified_2020_03_ETHUSDT.csv,1584089240592500.2,19505626969.69697,0.008214289141475708,108591282.33639589,6514071834.147142,975281348.4848486,12991555135.549831,0.0,2.029422319159016,1.0709088323950333
1966,c:\dev\monitor-backend_for_badger\simulations\data_worst_day\data_unified_2020_03_ETHUSDT.csv,1584089311286736.5,19505626969.69697,0.008212763075417143,108591282.33639589,6514071834.147142,975281348.4848486,12991555135.549831,0.0,2.029799419105931,1.0709088323950333
1967,c:\dev\monitor-backend_for_badger\simulations\data_worst_day\data_unified_2020_03_ETHUSDT.csv,1584089368823725.2,19505626969.69697,0.00818610014050753,108591282.33639589,6514071834.147142,975281348.4848486,12991555135.549831,0.0,2.0364106758536202,1.0709088323950333
1968,c:\dev\monitor-backend_for_badger\simulations\data_worst_day\data_unified_2020_03_ETHUSDT.csv,1584089430289947.2,19505626969.69697,0.00814691793411889,108591282.33639589,6514071834.147142,975281348.4848486,12991555135.549831,0.0,2.0462046941607355,1.0709088323950333
1969,c:\dev\monitor-backend_for_badger\simulations\data_worst_day\data_unified_2020_03_ETHUSDT.csv,1584089488040442.0,19505626969.69697,0.008101866410837306,108591282.33639589,6514071834.147142,975281348.4848486,12991555135.549831,0.0,2.0575828919417503,1.0709088323950333
1970,c:\dev\monitor-backend_for_badger\simulations\data_worst_day\data_unified_2020_03_ETHUSDT.csv,1584089549997928.2,19505626969.69697,0.008055394274372428,108591282.33639589,6514071834.147142,975281348.4848486,12991555135.549831,0.0,2.0694532324471586,1.0709088323950333
1971,c:\dev\monitor-backend_for_badger\simulations\data_worst_day\data_unified_2020_03_ETHUSDT.csv,1584089608810908.0,19505626969.69697,0.008047010359026118,108591282.33639589,6514071834.147142,975281348.4848486,12991555135.549831,0.0,2.0716093276850036,1.0709088323950333
1972,c:\dev\monitor-backend_for_badger\simulations\data_worst_day\data_unified_2020_03_ETHUSDT.csv,1584089666721224.5,19505626969.69697,0.008099887171611803,108591282.33639589,6514071834.147142,975281348.4848486,12991555135.549831,0.0,2.0580856703981874,1.0709088323950333
1973,c:\dev\monitor-backend_for_badger\simulations\data_worst_day\data_unified_2020_03_ETHUSDT.csv,1584089727954076.8,19505626969.69697,0.00810607871606276,108591282.33639589,6514071834.147142,975281348.4848486,12991555135.549831,0.0,2.056513673707988,1.0709088323950333
1974,c:\dev\monitor-backend_for_badger\simulations\data_worst_day\data_unified_2020_03_ETHUSDT.csv,1584089790047810.0,19505626969.69697,0.008104176793592138,108591282.33639589,6514071834.147142,975281348.4848486,12991555135.549831,0.0,2.0569963050309195,1.0709088323950333
1975,c:\dev\monitor-backend_for_badger\simulations\data_worst_day\data_unified_2020_03_ETHUSDT.csv,1584089854907783.5,19505626969.69697,0.008062669363764673,108591282.33639589,6514071834.147142,975281348.4848486,12991555135.549831,0.0,2.067585928136407,1.0709088323950333
1976,c:\dev\monitor-backend_for_badger\simulations\data_worst_day\data_unified_2020_03_ETHUSDT.csv,1584089910957748.8,19505626969.69697,0.007975141514223825,108591282.33639589,6514071834.147142,975281348.4848486,12991555135.549831,0.0,2.090277857766487,1.0709088323950333
1977,c:\dev\monitor-backend_for_badger\simulations\data_worst_day\data_unified_2020_03_ETHUSDT.csv,1584089967362332.8,19505626969.69697,0.007969398821561098,108591282.33639589,6514071834.147142,975281348.4848486,12991555135.549831,0.0,2.091784097269068,1.0709088323950333
1978,c:\dev\monitor-backend_for_badger\simulations\data_worst_day\data_unified_2020_03_ETHUSDT.csv,1584090039386902.0,19505626969.69697,0.007975372077270887,108591282.33639589,6514071834.147142,975281348.4848486,12991555135.549831,0.0,2.0902174291335123,1.0709088323950333
1979,c:\dev\monitor-backend_for_badger\simulations\data_worst_day\data_unified_2020_03_ETHUSDT.csv,1584090089312356.2,19505626969.69697,0.007925439311244361,108591282.33639589,6514071834.147142,975281348.4848486,12991555135.549831,0.0,2.1033864578440613,1.0709088323950333
1980,c:\dev\monitor-backend_for_badger\simulations\data_worst_day\data_unified_2020_03_ETHUSDT.csv,1584090145718316.2,19505626969.69697,0.007882256344007387,108591282.33639589,6514071834.147142,975281348.4848486,12991555135.549831,0.0,2.1149098674531426,1.0709088323950333
1981,c:\dev\monitor-backend_for_badger\simulations\data_worst_day\data_unified_2020_03_ETHUSDT.csv,1584090205810875.2,19505626969.69697,0.007895089299435843,108591282.33639589,6514071834.147142,975281348.4848486,12991555135.549831,0.0,2.111472218677445,1.0709088323950333
1982,c:\dev\monitor-backend_for_badger\simulations\data_worst_day\data_unified_2020_03_ETHUSDT.csv,1584090263174907.2,19505626969.69697,0.007934026406603636,108591282.33639589,6514071834.147142,975281348.4848486,12991555135.549831,0.0,2.1011099365463908,1.0709088323950333
1983,c:\dev\monitor-backend_for_badger\simulations\data_worst_day\data_unified_2020_03_ETHUSDT.csv,1584090331002300.2,19505626969.69697,0.007954349070791945,108591282.33639589,6514071834.147142,975281348.4848486,12991555135.549831,0.0,2.0957417849499334,1.0709088323950333
1984,c:\dev\monitor-backend_for_badger\simulations\data_worst_day\data_unified_2020_03_ETHUSDT.csv,1584090387976217.8,19505626969.69697,0.007951558648166478,108591282.33639589,6514071834.147142,975281348.4848486,12991555135.549831,0.0,2.0964772389096686,1.0709088323950333
1985,c:\dev\monitor-backend_for_badger\simulations\data_worst_day\data_unified_2020_03_ETHUSDT.csv,1584090446298471.8,19505626969.69697,0.007923924619419813,108591282.33639589,6514071834.147142,975281348.4848486,12991555135.549831,0.0,2.103788529093421,1.0709088323950333
1986,c:\dev\monitor-backend_for_badger\simulations\data_worst_day\data_unified_2020_03_ETHUSDT.csv,1584090511048156.0,19505626969.69697,0.007894673143774218,108591282.33639589,6514071834.147142,975281348.4848486,12991555135.549831,0.0,2.111583521717123,1.0709088323950333
1987,c:\dev\monitor-backend_for_badger\simulations\data_worst_day\data_unified_2020_03_ETHUSDT.csv,1584090570367734.2,19505626969.69697,0.007885065316677707,108591282.33639589,6514071834.147142,975281348.4848486,12991555135.549831,0.0,2.114156452766101,1.0709088323950333
1988,c:\dev\monitor-backend_for_badger\simulations\data_worst_day\data_unified_2020_03_ETHUSDT.csv,1584090622571769.0,19505626969.69697,0.007916696506685167,108591282.33639589,6514071834.147142,975281348.4848486,12991555135.549831,0.0,2.1057093328839036,1.0709088323950333
1989,c:\dev\monitor-backend_for_badger\simulations\data_worst_day\data_unified_2020_03_ETHUSDT.csv,1584090693839155.0,19505626969.69697,0.007962006377945778,108591282.33639589,6514071834.147142,975281348.4848486,12991555135.549831,0.0,2.0937262454237486,1.0709088323950333
1990,c:\dev\monitor-backend_for_badger\simulations\data_worst_day\data_unified_2020_03_ETHUSDT.csv,1584090751231597.0,19505626969.69697,0.007963746713148307,108591282.33639589,6514071834.147142,975281348.4848486,12991555135.549831,0.0,2.0932686987914138,1.0709088323950333
1991,c:\dev\monitor-backend_for_badger\simulations\data_worst_day\data_unified_2020_03_ETHUSDT.csv,1584090813229478.2,19505626969.69697,0.007918232978147657,108591282.33639589,6514071834.147142,975281348.4848486,12991555135.549831,0.0,2.105300736381729,1.0709088323950333
1992,c:\dev\monitor-backend_for_badger\simulations\data_worst_day\data_unified_2020_03_ETHUSDT.csv,1584090867806240.0,19505626969.69697,0.007886005913684761,108591282.33639589,6514071834.147142,975281348.4848486,12991555135.549831,0.0,2.113904288457111,1.0709088323950333
1993,c:\dev\monitor-backend_for_badger\simulations\data_worst_day\data_unified_2020_03_ETHUSDT.csv,1584090933556457.0,19505626969.69697,0.007872706596022905,108591282.33639589,6514071834.147142,975281348.4848486,12991555135.549831,0.0,2.117475294729992,1.0709088323950333
1994,c:\dev\monitor-backend_for_badger\simulations\data_worst_day\data_unified_2020_03_ETHUSDT.csv,1584090990531284.0,19505626969.69697,0.007914540017892893,108591282.33639589,6514071834.147142,975281348.4848486,12991555135.549831,0.0,2.1062830792501974,1.0709088323950333
1995,c:\dev\monitor-backend_for_badger\simulations\data_worst_day\data_unified_2020_03_ETHUSDT.csv,1584091048672602.8,19505626969.69697,0.007904779392333139,108591282.33639589,6514071834.147142,975281348.4848486,12991555135.549831,0.0,2.1088838653618684,1.0709088323950333
1996,c:\dev\monitor-backend_for_badger\simulations\data_worst_day\data_unified_2020_03_ETHUSDT.csv,1584091114528477.0,19505626969.69697,0.00789287290858786,108591282.33639589,6514071834.147142,975281348.4848486,12991555135.549831,0.0,2.1120651393738057,1.0709088323950333
1997,c:\dev\monitor-backend_for_badger\simulations\data_worst_day\data_unified_2020_03_ETHUSDT.csv,1584091169451362.0,19505626969.69697,0.007920719688776575,108591282.33639589,6514071834.147142,975281348.4848486,12991555135.549831,0.0,2.104639777034102,1.0709088323950333
1998,c:\dev\monitor-backend_for_badger\simulations\data_worst_day\data_unified_2020_03_ETHUSDT.csv,1584091232942315.8,19505626969.69697,0.007970712244634097,108591282.33639589,6514071834.147142,975281348.4848486,12991555135.549831,0.0,2.0914394106949246,1.0709088323950333
1999,c:\dev\monitor-backend_for_badger\simulations\data_worst_day\data_unified_2020_03_ETHUSDT.csv,1584091293857303.2,19505626969.69697,0.007966779362408768,108591282.33639589,6514071834.147142,975281348.4848486,12991555135.549831,0.0,2.0924718711798334,1.0709088323950333
2000,c:\dev\monitor-backend_for_badger\simulations\data_worst_day\data_unified_2020_03_ETHUSDT.csv,1584091351101719.8,19505626969.69697,0.007950130480874387,108591282.33639589,6514071834.147142,975281348.4848486,12991555135.549831,0.0,2.096853851624193,1.0709088323950333
2001,c:\dev\monitor-backend_for_badger\simulations\data_worst_day\data_unified_2020_03_ETHUSDT.csv,1584091407053531.0,19505626969.69697,0.007947347044959356,108591282.33639589,6514071834.147142,975281348.4848486,12991555135.549831,0.0,2.0975882423946177,1.0709088323950333
2002,c:\dev\monitor-backend_for_badger\simulations\data_worst_day\data_unified_2020_03_ETHUSDT.csv,1584091469397163.8,19505626969.69697,0.00792015596312986,108591282.33639589,6514071834.147142,975281348.4848486,12991555135.549831,0.0,2.1047895770411893,1.0709088323950333
2003,c:\dev\monitor-backend_for_badger\simulations\data_worst_day\data_unified_2020_03_ETHUSDT.csv,1584091528721653.5,19505626969.69697,0.007910864425393477,108591282.33639589,6514071834.147142,975281348.4848486,12991555135.549831,0.0,2.1072617129204807,1.0709088323950333
2004,c:\dev\monitor-backend_for_badger\simulations\data_worst_day\data_unified_2020_03_ETHUSDT.csv,1584091584224972.0,19505626969.69697,0.00791671010316142,108591282.33639589,6514071834.147142,975281348.4848486,12991555135.549831,0.0,2.105705716454027,1.0709088323950333
2005,c:\dev\monitor-backend_for_badger\simulations\data_worst_day\data_unified_2020_03_ETHUSDT.csv,1584091653222955.0,19505626969.69697,0.007940464513032399,108591282.33639589,6514071834.147142,975281348.4848486,12991555135.549831,0.0,2.099406362483713,1.0709088323950333
2006,c:\dev\monitor-backend_for_badger\simulations\data_worst_day\data_unified_2020_03_ETHUSDT.csv,1584091706032627.8,19505626969.69697,0.007952494515769295,108591282.33639589,6514071834.147142,975281348.4848486,12991555135.549831,0.0,2.0962305207102347,1.0709088323950333
2007,c:\dev\monitor-backend_for_badger\simulations\data_worst_day\data_unified_2020_03_ETHUSDT.csv,1584091770513364.5,19505626969.69697,0.007960931456243773,108591282.33639589,6514071834.147142,975281348.4848486,12991555135.549831,0.0,2.0940089500031855,1.0709088323950333
2008,c:\dev\monitor-backend_for_badger\simulations\data_worst_day\data_unified_2020_03_ETHUSDT.csv,1584091825388729.0,19505626969.69697,0.00796422339930285,108591282.33639589,6514071834.147142,975281348.4848486,12991555135.549831,0.0,2.0931434094623196,1.0709088323950333
2009,c:\dev\monitor-backend_for_badger\simulations\data_worst_day\data_unified_2020_03_ETHUSDT.csv,1584091894193319.8,19505626969.69697,0.00792894773832706,108591282.33639589,6514071834.147142,975281348.4848486,12991555135.549831,0.0,2.1024557444306775,1.0709088323950333
2010,c:\dev\monitor-backend_for_badger\simulations\data_worst_day\data_unified_2020_03_ETHUSDT.csv,1584091956700026.8,19505626969.69697,0.00789716043733057,108591282.33639589,6514071834.147142,975281348.4848486,12991555135.549831,0.0,2.1109184563269814,1.0709088323950333
2011,c:\dev\monitor-backend_for_badger\simulations\data_worst_day\data_unified_2020_03_ETHUSDT.csv,1584092005620490.8,19505626969.69697,0.007882420344380397,108591282.33639589,6514071834.147142,975281348.4848486,12991555135.549831,0.0,2.114865864977762,1.0709088323950333
2012,c:\dev\monitor-backend_for_badger\simulations\data_worst_day\data_unified_2020_03_ETHUSDT.csv,1584092074423447.5,19505626969.69697,0.007866009536731638,108591282.33639589,6514071834.147142,975281348.4848486,12991555135.549831,0.0,2.119278096713689,1.0709088323950333
2013,c:\dev\monitor-backend_for_badger\simulations\data_worst_day\data_unified_2020_03_ETHUSDT.csv,1584092129475178.8,19505626969.69697,0.007865068569334483,108591282.33639589,6514071834.147142,975281348.4848486,12991555135.549831,0.0,2.1195316446105616,1.0709088323950333
2014,c:\dev\monitor-backend_for_badger\simulations\data_worst_day\data_unified_2020_03_ETHUSDT.csv,1584092188781478.8,19505626969.69697,0.007845867440677043,108591282.33639589,6514071834.147142,975281348.4848486,12991555135.549831,0.0,2.124718757458108,1.0709088323950333
2015,c:\dev\monitor-backend_for_badger\simulations\data_worst_day\data_unified_2020_03_ETHUSDT.csv,1584092256812601.5,19505626969.69697,0.007804407273912513,108591282.33639589,6514071834.147142,975281348.4848486,12991555135.549831,0.0,2.136006122522512,1.0709088323950333
2016,c:\dev\monitor-backend_for_badger\simulations\data_worst_day\data_unified_2020_03_ETHUSDT.csv,1584092306557403.2,19505626969.69697,0.007754967644457342,108591282.33639589,6514071834.147142,975281348.4848486,12991555135.549831,0.0,2.1496236327499036,1.0709088323950333
2017,c:\dev\monitor-backend_for_badger\simulations\data_worst_day\data_unified_2020_03_ETHUSDT.csv,1584092366266466.0,19505626969.69697,0.007760367764858091,108591282.33639589,6514071834.147142,975281348.4848486,12991555135.549831,0.0,2.1481277981728737,1.0709088323950333
2018,c:\dev\monitor-backend_for_badger\simulations\data_worst_day\data_unified_2020_03_ETHUSDT.csv,1584092432398614.2,19505626969.69697,0.007770795044910308,108591282.33639589,6514071834.147142,975281348.4848486,12991555135.549831,0.0,2.145245322182959,1.0709088323950333
2019,c:\dev\monitor-backend_for_badger\simulations\data_worst_day\data_unified_2020_03_ETHUSDT.csv,1584092487457792.0,19505626969.69697,0.007758333204143571,108591282.33639589,6514071834.147142,975281348.4848486,12991555135.549831,0.0,2.1486911274747906,1.0709088323950333
2020,c:\dev\monitor-backend_for_badger\simulations\data_worst_day\data_unified_2020_03_ETHUSDT.csv,1584092549877406.2,19505626969.69697,0.007717088642674689,108591282.33639589,6514071834.147142,975281348.4848486,12991555135.549831,0.0,2.1601749690358045,1.0709088323950333
2021,c:\dev\monitor-backend_for_badger\simulations\data_worst_day\data_unified_2020_03_ETHUSDT.csv,1584092609407470.5,19505626969.69697,0.00770067528575711,108591282.33639589,6514071834.147142,975281348.4848486,12991555135.549831,0.0,2.164779204567821,1.0709088323950333
2022,c:\dev\monitor-backend_for_badger\simulations\data_worst_day\data_unified_2020_03_ETHUSDT.csv,1584092670449732.5,19505626969.69697,0.00774062041571346,108591282.33639589,6514071834.147142,975281348.4848486,12991555135.549831,0.0,2.1536079570438207,1.0709088323950333
2023,c:\dev\monitor-backend_for_badger\simulations\data_worst_day\data_unified_2020_03_ETHUSDT.csv,1584092727532125.5,19505626969.69697,0.007742746103279833,108591282.33639589,6514071834.147142,975281348.4848486,12991555135.549831,0.0,2.15301670716993,1.0709088323950333
2024,c:\dev\monitor-backend_for_badger\simulations\data_worst_day\data_unified_2020_03_ETHUSDT.csv,1584092786800402.5,19505626969.69697,0.007785331971153655,108591282.33639589,6514071834.147142,975281348.4848486,12991555135.549831,0.0,2.1412396775761513,1.0709088323950333
2025,c:\dev\monitor-backend_for_badger\simulations\data_worst_day\data_unified_2020_03_ETHUSDT.csv,1584092847898319.8,19505626969.69697,0.007744383507215229,108591282.33639589,6514071834.147142,975281348.4848486,12991555135.549831,0.0,2.152561492364774,1.0709088323950333
2026,c:\dev\monitor-backend_for_badger\simulations\data_worst_day\data_unified_2020_03_ETHUSDT.csv,1584092912333496.0,19505626969.69697,0.007693645322717017,108591282.33639589,6514071834.147142,975281348.4848486,12991555135.549831,0.0,2.1667572419167924,1.0709088323950333
2027,c:\dev\monitor-backend_for_badger\simulations\data_worst_day\data_unified_2020_03_ETHUSDT.csv,1584092967906702.2,19505626969.69697,0.007648826362650678,108591282.33639589,6514071834.147142,975281348.4848486,12991555135.549831,0.0,2.179453543505376,1.0709088323950333
2028,c:\dev\monitor-backend_for_badger\simulations\data_worst_day\data_unified_2020_03_ETHUSDT.csv,1584093029804735.2,19505626969.69697,0.007653193239465788,108591282.33639589,6514071834.147142,975281348.4848486,12991555135.549831,0.0,2.1782099573510805,1.0709088323950333
2029,c:\dev\monitor-backend_for_badger\simulations\data_worst_day\data_unified_2020_03_ETHUSDT.csv,1584093093201280.0,19505626969.69697,0.007606367932082283,108591282.33639589,6514071834.147142,975281348.4848486,12991555135.549831,0.0,2.191619162862765,1.0709088323950333
2030,c:\dev\monitor-backend_for_badger\simulations\data_worst_day\data_unified_2020_03_ETHUSDT.csv,1584093149549458.2,19505626969.69697,0.007603396524669781,108591282.33639589,6514071834.147142,975281348.4848486,12991555135.549831,0.0,2.1924756476462144,1.0709088323950333
2031,c:\dev\monitor-backend_for_badger\simulations\data_worst_day\data_unified_2020_03_ETHUSDT.csv,1584093210378878.5,19505626969.69697,0.007549604174253073,108591282.33639589,6514071834.147142,975281348.4848486,12991555135.549831,0.0,2.2080974492130436,1.0709088323950333
2032,c:\dev\monitor-backend_for_badger\simulations\data_worst_day\data_unified_2020_03_ETHUSDT.csv,1584093268071555.0,19505626969.69697,0.007549348297913471,108591282.33639589,6514071834.147142,975281348.4848486,12991555135.549831,0.0,2.2081722900960563,1.0709088323950333
2033,c:\dev\monitor-backend_for_badger\simulations\data_worst_day\data_unified_2020_03_ETHUSDT.csv,1584093334251094.5,19505626969.69697,0.007511699264262161,108591282.33639589,6514071834.147142,975281348.4848486,12991555135.549831,0.0,2.219239766299909,1.0709088323950333
2034,c:\dev\monitor-backend_for_badger\simulations\data_worst_day\data_unified_2020_03_ETHUSDT.csv,1584093388288112.0,19505626969.69697,0.007539117620976248,108591282.33639589,6514071834.147142,975281348.4848486,12991555135.549831,0.0,2.2111688075212315,1.0709088323950333
2035,c:\dev\monitor-backend_for_badger\simulations\data_worst_day\data_unified_2020_03_ETHUSDT.csv,1584093444397042.5,19505626969.69697,0.007596556836874375,108591282.33639589,6514071834.147142,975281348.4848486,12991555135.549831,0.0,2.1944496799941513,1.0709088323950333
2036,c:\dev\monitor-backend_for_badger\simulations\data_worst_day\data_unified_2020_03_ETHUSDT.csv,1584093511240896.5,19505626969.69697,0.007579615709038962,108591282.33639589,6514071834.147142,975281348.4848486,12991555135.549831,0.0,2.199354473849706,1.0709088323950333
2037,c:\dev\monitor-backend_for_badger\simulations\data_worst_day\data_unified_2020_03_ETHUSDT.csv,1584093567040537.2,19505626969.69697,0.0076905247590382695,108591282.33639589,6514071834.147142,975281348.4848486,12991555135.549831,0.0,2.1676364412122426,1.0709088323950333
2038,c:\dev\monitor-backend_for_badger\simulations\data_worst_day\data_unified_2020_03_ETHUSDT.csv,1584093634926010.8,19505626969.69697,0.0076927149664620205,108591282.33639589,6514071834.147142,975281348.4848486,12991555135.549831,0.0,2.1670192893424236,1.0709088323950333
2039,c:\dev\monitor-backend_for_badger\simulations\data_worst_day\data_unified_2020_03_ETHUSDT.csv,1584093692359371.5,19505626969.69697,0.007677651825841158,108591282.33639589,6514071834.147142,975281348.4848486,12991555135.549831,0.0,2.171270864827212,1.0709088323950333
2040,c:\dev\monitor-backend_for_badger\simulations\data_worst_day\data_unified_2020_03_ETHUSDT.csv,1584093753928090.5,19505626969.69697,0.007699907908282208,108591282.33639589,6514071834.147142,975281348.4848486,12991555135.549831,0.0,2.1649949477714423,1.0709088323950333
2041,c:\dev\monitor-backend_for_badger\simulations\data_worst_day\data_unified_2020_03_ETHUSDT.csv,1584093809562286.8,19505626969.69697,0.007670036552617166,108591282.33639589,6514071834.147142,975281348.4848486,12991555135.549831,0.0,2.1734266330253846,1.0709088323950333
2042,c:\dev\monitor-backend_for_badger\simulations\data_worst_day\data_unified_2020_03_ETHUSDT.csv,1584093872956229.5,19505626969.69697,0.0076138429157966096,108591282.33639589,6514071834.147142,975281348.4848486,12991555135.549831,0.0,2.18946751385561,1.0709088323950333
2043,c:\dev\monitor-backend_for_badger\simulations\data_worst_day\data_unified_2020_03_ETHUSDT.csv,1584093928705665.2,19505626969.69697,0.007637075246906857,108591282.33639589,6514071834.147142,975281348.4848486,12991555135.549831,0.0,2.1828070538506332,1.0709088323950333
2044,c:\dev\monitor-backend_for_badger\simulations\data_worst_day\data_unified_2020_03_ETHUSDT.csv,1584093984953067.8,19505626969.69697,0.007646710368003449,108591282.33639589,6514071834.147142,975281348.4848486,12991555135.549831,0.0,2.1800566410218236,1.0709088323950333
2045,c:\dev\monitor-backend_for_badger\simulations\data_worst_day\data_unified_2020_03_ETHUSDT.csv,1584094048260710.8,19505626969.69697,0.00767772599522971,108591282.33639589,6514071834.147142,975281348.4848486,12991555135.549831,0.0,2.1712498896279766,1.0709088323950333
2046,c:\dev\monitor-backend_for_badger\simulations\data_worst_day\data_unified_2020_03_ETHUSDT.csv,1584094107640287.8,19505626969.69697,0.007722035857749449,108591282.33639589,6514071834.147142,975281348.4848486,12991555135.549831,0.0,2.15879102698117,1.0709088323950333
2047,c:\dev\monitor-backend_for_badger\simulations\data_worst_day\data_unified_2020_03_ETHUSDT.csv,1584094171199531.2,19505626969.69697,0.007751696061030942,108591282.33639589,6514071834.147142,975281348.4848486,12991555135.549831,0.0,2.1505308758867,1.0709088323950333
2048,c:\dev\monitor-backend_for_badger\simulations\data_worst_day\data_unified_2020_03_ETHUSDT.csv,1584094232204789.0,19505626969.69697,0.007752994292502844,108591282.33639589,6514071834.147142,975281348.4848486,12991555135.549831,0.0,2.150170771550357,1.0709088323950333
2049,c:\dev\monitor-backend_for_badger\simulations\data_worst_day\data_unified_2020_03_ETHUSDT.csv,1584094293079070.8,19505626969.69697,0.007815553742215526,108591282.33639589,6514071834.147142,975281348.4848486,12991555135.549831,0.0,2.1329597709362975,1.0709088323950333
2050,c:\dev\monitor-backend_for_badger\simulations\data_worst_day\data_unified_2020_03_ETHUSDT.csv,1584094349141346.0,19505626969.69697,0.007830344004988802,108591282.33639589,6514071834.147142,975281348.4848486,12991555135.549831,0.0,2.1289309523458404,1.0709088323950333
2051,c:\dev\monitor-backend_for_badger\simulations\data_worst_day\data_unified_2020_03_ETHUSDT.csv,1584094407244938.2,19505626969.69697,0.007773451922057256,108591282.33639589,6514071834.147142,975281348.4848486,12991555135.549831,0.0,2.1445121018159643,1.0709088323950333
2052,c:\dev\monitor-backend_for_badger\simulations\data_worst_day\data_unified_2020_03_ETHUSDT.csv,1584094463795897.2,19505626969.69697,0.007769075183315039,108591282.33639589,6514071834.147142,975281348.4848486,12991555135.549831,0.0,2.145720221055089,1.0709088323950333
2053,c:\dev\monitor-backend_for_badger\simulations\data_worst_day\data_unified_2020_03_ETHUSDT.csv,1584094526370413.8,19505626969.69697,0.007797769024964864,108591282.33639589,6514071834.147142,975281348.4848486,12991555135.549831,0.0,2.137824506774419,1.0709088323950333
2054,c:\dev\monitor-backend_for_badger\simulations\data_worst_day\data_unified_2020_03_ETHUSDT.csv,1584094590784272.5,19505626969.69697,0.007840661843739615,108591282.33639589,6514071834.147142,975281348.4848486,12991555135.549831,0.0,2.126129407436024,1.0709088323950333
2055,c:\dev\monitor-backend_for_badger\simulations\data_worst_day\data_unified_2020_03_ETHUSDT.csv,1584094652253539.8,19505626969.69697,0.007854676913659046,108591282.33639589,6514071834.147142,975281348.4848486,12991555135.549831,0.0,2.122335762881255,1.0709088323950333
2056,c:\dev\monitor-backend_for_badger\simulations\data_worst_day\data_unified_2020_03_ETHUSDT.csv,1584094708672922.8,19505626969.69697,0.007772371754815317,108591282.33639589,6514071834.147142,975281348.4848486,12991555135.549831,0.0,2.1448101359032927,1.0709088323950333
2057,c:\dev\monitor-backend_for_badger\simulations\data_worst_day\data_unified_2020_03_ETHUSDT.csv,1584094764033968.0,19505626969.69697,0.007721408947738749,108591282.33639589,6514071834.147142,975281348.4848486,12991555135.549831,0.0,2.1589663016900973,1.0709088323950333
2058,c:\dev\monitor-backend_for_badger\simulations\data_worst_day\data_unified_2020_03_ETHUSDT.csv,1584094833915062.2,19505626969.69697,0.007671652816230619,108591282.33639589,6514071834.147142,975281348.4848486,12991555135.549831,0.0,2.1729687355595297,1.0709088323950333
2059,c:\dev\monitor-backend_for_badger\simulations\data_worst_day\data_unified_2020_03_ETHUSDT.csv,1584094886047828.0,19505626969.69697,0.007670172784110889,108591282.33639589,6514071834.147142,975281348.4848486,12991555135.549831,0.0,2.173388030354356,1.0709088323950333
2060,c:\dev\monitor-backend_for_badger\simulations\data_worst_day\data_unified_2020_03_ETHUSDT.csv,1584094952422703.8,19505626969.69697,0.007662909792179724,108591282.33639589,6514071834.147142,975281348.4848486,12991555135.549831,0.0,2.1754479919297705,1.0709088323950333
2061,c:\dev\monitor-backend_for_badger\simulations\data_worst_day\data_unified_2020_03_ETHUSDT.csv,1584095006686082.2,19505626969.69697,0.007664918050610131,108591282.33639589,6514071834.147142,975281348.4848486,12991555135.549831,0.0,2.174878010393,1.0709088323950333
2062,c:\dev\monitor-backend_for_badger\simulations\data_worst_day\data_unified_2020_03_ETHUSDT.csv,1584095065771348.2,19505626969.69697,0.007647830054705245,108591282.33639589,6514071834.147142,975281348.4848486,12991555135.549831,0.0,2.179737468078302,1.0709088323950333
2063,c:\dev\monitor-backend_for_badger\simulations\data_worst_day\data_unified_2020_03_ETHUSDT.csv,1584095133957626.5,19505626969.69697,0.007660111918995582,108591282.33639589,6514071834.147142,975281348.4848486,12991555135.549831,0.0,2.176242579223596,1.0709088323950333
2064,c:\dev\monitor-backend_for_badger\simulations\data_worst_day\data_unified_2020_03_ETHUSDT.csv,1584095189210155.0,19505626969.69697,0.007676405144180356,108591282.33639589,6514071834.147142,975281348.4848486,12991555135.549831,0.0,2.1716234886813433,1.0709088323950333
2065,c:\dev\monitor-backend_for_badger\simulations\data_worst_day\data_unified_2020_03_ETHUSDT.csv,1584095251093098.5,19505626969.69697,0.007671356932769407,108591282.33639589,6514071834.147142,975281348.4848486,12991555135.549831,0.0,2.173052546743942,1.0709088323950333
2066,c:\dev\monitor-backend_for_badger\simulations\data_worst_day\data_unified_2020_03_ETHUSDT.csv,1584095309852825.2,19505626969.69697,0.007707126271227031,108591282.33639589,6514071834.147142,975281348.4848486,12991555135.549831,0.0,2.1629672504486326,1.0709088323950333
2067,c:\dev\monitor-backend_for_badger\simulations\data_worst_day\data_unified_2020_03_ETHUSDT.csv,1584095374106837.2,19505626969.69697,0.007680150897378401,108591282.33639589,6514071834.147142,975281348.4848486,12991555135.549831,0.0,2.1705643473003513,1.0709088323950333
2068,c:\dev\monitor-backend_for_badger\simulations\data_worst_day\data_unified_2020_03_ETHUSDT.csv,1584095432400414.0,19505626969.69697,0.007671883791972639,108591282.33639589,6514071834.147142,975281348.4848486,12991555135.549831,0.0,2.1729033144609193,1.0709088323950333
2069,c:\dev\monitor-backend_for_badger\simulations\data_worst_day\data_unified_2020_03_ETHUSDT.csv,1584095492344421.2,19505626969.69697,0.00763444893290156,108591282.33639589,6514071834.147142,975281348.4848486,12991555135.549831,0.0,2.1835579576534845,1.0709088323950333
2070,c:\dev\monitor-backend_for_badger\simulations\data_worst_day\data_unified_2020_03_ETHUSDT.csv,1584095548653852.2,19505626969.69697,0.007612510127945941,108591282.33639589,6514071834.147142,975281348.4848486,12991555135.549831,0.0,2.1898508428302663,1.0709088323950333
2071,c:\dev\monitor-backend_for_badger\simulations\data_worst_day\data_unified_2020_03_ETHUSDT.csv,1584095610567531.0,19505626969.69697,0.00758024109043185,108591282.33639589,6514071834.147142,975281348.4848486,12991555135.549831,0.0,2.1991730237681186,1.0709088323950333
2072,c:\dev\monitor-backend_for_badger\simulations\data_worst_day\data_unified_2020_03_ETHUSDT.csv,1584095669232228.5,19505626969.69697,0.007556351351298719,108591282.33639589,6514071834.147142,975281348.4848486,12991555135.549831,0.0,2.2061258065866958,1.0709088323950333
2073,c:\dev\monitor-backend_for_badger\simulations\data_worst_day\data_unified_2020_03_ETHUSDT.csv,1584095730122945.5,19505626969.69697,0.007561848900151419,108591282.33639589,6514071834.147142,975281348.4848486,12991555135.549831,0.0,2.2045219284139024,1.0709088323950333
2074,c:\dev\monitor-backend_for_badger\simulations\data_worst_day\data_unified_2020_03_ETHUSDT.csv,1584095788449816.8,19505626969.69697,0.007626804822521104,108591282.33639589,6514071834.147142,975281348.4848486,12991555135.549831,0.0,2.1857464702008538,1.0709088323950333
2075,c:\dev\monitor-backend_for_badger\simulations\data_worst_day\data_unified_2020_03_ETHUSDT.csv,1584095847506656.8,19505626969.69697,0.0076168388379741,108591282.33639589,6514071834.147142,975281348.4848486,12991555135.549831,0.0,2.1886063331977037,1.0709088323950333
2076,c:\dev\monitor-backend_for_badger\simulations\data_worst_day\data_unified_2020_03_ETHUSDT.csv,1584095909999012.2,19505626969.69697,0.007640074652608619,108591282.33639589,6514071834.147142,975281348.4848486,12991555135.549831,0.0,2.1819501088310016,1.0709088323950333
2077,c:\dev\monitor-backend_for_badger\simulations\data_worst_day\data_unified_2020_03_ETHUSDT.csv,1584095970372509.2,19505626969.69697,0.007649938505521973,108591282.33639589,6514071834.147142,975281348.4848486,12991555135.549831,0.0,2.1791366960274545,1.0709088323950333
2078,c:\dev\monitor-backend_for_badger\simulations\data_worst_day\data_unified_2020_03_ETHUSDT.csv,1584096030293516.8,19505626969.69697,0.0076409973896051165,108591282.33639589,6514071834.147142,975281348.4848486,12991555135.549831,0.0,2.181686613636949,1.0709088323950333
2079,c:\dev\monitor-backend_for_badger\simulations\data_worst_day\data_unified_2020_03_ETHUSDT.csv,1584096093439409.0,19505626969.69697,0.007682027520863516,108591282.33639589,6514071834.147142,975281348.4848486,12991555135.549831,0.0,2.170034105509491,1.0709088323950333
2080,c:\dev\monitor-backend_for_badger\simulations\data_worst_day\data_unified_2020_03_ETHUSDT.csv,1584096149789642.0,19505626969.69697,0.007707448739440032,108591282.33639589,6514071834.147142,975281348.4848486,12991555135.549831,0.0,2.162876755109953,1.0709088323950333
2081,c:\dev\monitor-backend_for_badger\simulations\data_worst_day\data_unified_2020_03_ETHUSDT.csv,1584096209427661.5,19505626969.69697,0.00771253386311884,108591282.33639589,6514071834.147142,975281348.4848486,12991555135.549831,0.0,2.161450700327316,1.0709088323950333
2082,c:\dev\monitor-backend_for_badger\simulations\data_worst_day\data_unified_2020_03_ETHUSDT.csv,1584096272022364.0,19505626969.69697,0.007728137289643682,108591282.33639589,6514071834.147142,975281348.4848486,12991555135.549831,0.0,2.15708664260867,1.0709088323950333
2083,c:\dev\monitor-backend_for_badger\simulations\data_worst_day\data_unified_2020_03_ETHUSDT.csv,1584096329457065.8,19505626969.69697,0.007731488788047559,108591282.33639589,6514071834.147142,975281348.4848486,12991555135.549831,0.0,2.1561515740031374,1.0709088323950333
2084,c:\dev\monitor-backend_for_badger\simulations\data_worst_day\data_unified_2020_03_ETHUSDT.csv,1584096385127808.5,19505626969.69697,0.007700398631543873,108591282.33639589,6514071834.147142,975281348.4848486,12991555135.549831,0.0,2.1648569791501933,1.0709088323950333
2085,c:\dev\monitor-backend_for_badger\simulations\data_worst_day\data_unified_2020_03_ETHUSDT.csv,1584096448676193.0,19505626969.69697,0.007683144235829556,108591282.33639589,6514071834.147142,975281348.4848486,12991555135.549831,0.0,2.1697186995392195,1.0709088323950333
2086,c:\dev\monitor-backend_for_badger\simulations\data_worst_day\data_unified_2020_03_ETHUSDT.csv,1584096509380797.0,19505626969.69697,0.007657527507948595,108591282.33639589,6514071834.147142,975281348.4848486,12991555135.549831,0.0,2.1769770598189093,1.0709088323950333
2087,c:\dev\monitor-backend_for_badger\simulations\data_worst_day\data_unified_2020_03_ETHUSDT.csv,1584096568267201.5,19505626969.69697,0.007646330724156027,108591282.33639589,6514071834.147142,975281348.4848486,12991555135.549831,0.0,2.1801648818396298,1.0709088323950333
2088,c:\dev\monitor-backend_for_badger\simulations\data_worst_day\data_unified_2020_03_ETHUSDT.csv,1584096631325929.0,19505626969.69697,0.007653095195970526,108591282.33639589,6514071834.147142,975281348.4848486,12991555135.549831,0.0,2.1782378623113834,1.0709088323950333
2089,c:\dev\monitor-backend_for_badger\simulations\data_worst_day\data_unified_2020_03_ETHUSDT.csv,1584096689524152.2,19505626969.69697,0.0076534570049937465,108591282.33639589,6514071834.147142,975281348.4848486,12991555135.549831,0.0,2.178134888437905,1.0709088323950333
2090,c:\dev\monitor-backend_for_badger\simulations\data_worst_day\data_unified_2020_03_ETHUSDT.csv,1584096746332216.8,19505626969.69697,0.007659493237058012,108591282.33639589,6514071834.147142,975281348.4848486,12991555135.549831,0.0,2.176418361345711,1.0709088323950333
2091,c:\dev\monitor-backend_for_badger\simulations\data_worst_day\data_unified_2020_03_ETHUSDT.csv,1584096809221778.0,19505626969.69697,0.007658007768306348,108591282.33639589,6514071834.147142,975281348.4848486,12991555135.549831,0.0,2.176840534000028,1.0709088323950333
2092,c:\dev\monitor-backend_for_badger\simulations\data_worst_day\data_unified_2020_03_ETHUSDT.csv,1584096875291093.8,19505626969.69697,0.007670914488708421,108591282.33639589,6514071834.147142,975281348.4848486,12991555135.549831,0.0,2.1731778843676284,1.0709088323950333
2093,c:\dev\monitor-backend_for_badger\simulations\data_worst_day\data_unified_2020_03_ETHUSDT.csv,1584096932559309.5,19505626969.69697,0.007677318678363581,108591282.33639589,6514071834.147142,975281348.4848486,12991555135.549831,0.0,2.171365084364274,1.0709088323950333
2094,c:\dev\monitor-backend_for_badger\simulations\data_worst_day\data_unified_2020_03_ETHUSDT.csv,1584096986693993.0,19505626969.69697,0.00765490322534866,108591282.33639589,6514071834.147142,975281348.4848486,12991555135.549831,0.0,2.177723379249784,1.0709088323950333
2095,c:\dev\monitor-backend_for_badger\simulations\data_worst_day\data_unified_2020_03_ETHUSDT.csv,1584097055345435.8,19505626969.69697,0.007622115459916488,108591282.33639589,6514071834.147142,975281348.4848486,12991555135.549831,0.0,2.1870912094421358,1.0709088323950333
2096,c:\dev\monitor-backend_for_badger\simulations\data_worst_day\data_unified_2020_03_ETHUSDT.csv,1584097108217714.0,19505626969.69697,0.007590919593950102,108591282.33639589,6514071834.147142,975281348.4848486,12991555135.549831,0.0,2.196079343670352,1.0709088323950333
2097,c:\dev\monitor-backend_for_badger\simulations\data_worst_day\data_unified_2020_03_ETHUSDT.csv,1584097166931465.8,19505626969.69697,0.007604711488471627,108591282.33639589,6514071834.147142,975281348.4848486,12991555135.549831,0.0,2.1920965371280237,1.0709088323950333
2098,c:\dev\monitor-backend_for_badger\simulations\data_worst_day\data_unified_2020_03_ETHUSDT.csv,1584097232905467.8,19505626969.69697,0.007651661884090688,108591282.33639589,6514071834.147142,975281348.4848486,12991555135.549831,0.0,2.178645890560992,1.0709088323950333
2099,c:\dev\monitor-backend_for_badger\simulations\data_worst_day\data_unified_2020_03_ETHUSDT.csv,1584097288804202.0,19505626969.69697,0.007695381233359127,108591282.33639589,6514071834.147142,975281348.4848486,12991555135.549831,0.0,2.166268468607056,1.0709088323950333
2100,c:\dev\monitor-backend_for_badger\simulations\data_worst_day\data_unified_2020_03_ETHUSDT.csv,1584097352603347.5,19505626969.69697,0.007681496984606598,108591282.33639589,6514071834.147142,975281348.4848486,12991555135.549831,0.0,2.170183982776127,1.0709088323950333
2101,c:\dev\monitor-backend_for_badger\simulations\data_worst_day\data_unified_2020_03_ETHUSDT.csv,1584097412448566.0,19505626969.69697,0.007712137575299901,108591282.33639589,6514071834.147142,975281348.4848486,12991555135.549831,0.0,2.161561766367751,1.0709088323950333
2102,c:\dev\monitor-backend_for_badger\simulations\data_worst_day\data_unified_2020_03_ETHUSDT.csv,1584097472765501.2,19505626969.69697,0.007822185716093088,108591282.33639589,6514071834.147142,975281348.4848486,12991555135.549831,0.0,2.1311513590682907,1.0709088323950333
2103,c:\dev\monitor-backend_for_badger\simulations\data_worst_day\data_unified_2020_03_ETHUSDT.csv,1584097527703132.2,19505626969.69697,0.007862233758285068,108591282.33639589,6514071834.147142,975281348.4848486,12991555135.549831,0.0,2.1202958640309513,1.0709088323950333
2104,c:\dev\monitor-backend_for_badger\simulations\data_worst_day\data_unified_2020_03_ETHUSDT.csv,1584097590484345.5,19505626969.69697,0.007915833397326898,108591282.33639589,6514071834.147142,975281348.4848486,12991555135.549831,0.0,2.105938930620463,1.0709088323950333
2105,c:\dev\monitor-backend_for_badger\simulations\data_worst_day\data_unified_2020_03_ETHUSDT.csv,1584097652444803.5,19505626969.69697,0.008014417076325702,108591282.33639589,6514071834.147142,975281348.4848486,12991555135.549831,0.0,2.0800342134650944,1.0709088323950333
2106,c:\dev\monitor-backend_for_badger\simulations\data_worst_day\data_unified_2020_03_ETHUSDT.csv,1584097711681140.5,19505626969.69697,0.00797369792482025,108591282.33639589,6514071834.147142,975281348.4848486,12991555135.549831,0.0,2.0906562898308128,1.0709088323950333
2107,c:\dev\monitor-backend_for_badger\simulations\data_worst_day\data_unified_2020_03_ETHUSDT.csv,1584097768092127.8,19505626969.69697,0.007980887131235063,108591282.33639589,6514071834.147142,975281348.4848486,12991555135.549831,0.0,2.088773020544721,1.0709088323950333
2108,c:\dev\monitor-backend_for_badger\simulations\data_worst_day\data_unified_2020_03_ETHUSDT.csv,1584097831690150.0,19505626969.69697,0.007968334689521513,108591282.33639589,6514071834.147142,975281348.4848486,12991555135.549831,0.0,2.0920634447820086,1.0709088323950333
2109,c:\dev\monitor-backend_for_badger\simulations\data_worst_day\data_unified_2020_03_ETHUSDT.csv,1584097888393272.2,19505626969.69697,0.007869414755573203,108591282.33639589,6514071834.147142,975281348.4848486,12991555135.549831,0.0,2.118361051935952,1.0709088323950333
2110,c:\dev\monitor-backend_for_badger\simulations\data_worst_day\data_unified_2020_03_ETHUSDT.csv,1584097948410737.5,19505626969.69697,0.00791962539425525,108591282.33639589,6514071834.147142,975281348.4848486,12991555135.549831,0.0,2.1049305857103615,1.0709088323950333
2111,c:\dev\monitor-backend_for_badger\simulations\data_worst_day\data_unified_2020_03_ETHUSDT.csv,1584098010436435.2,19505626969.69697,0.007913307425653594,108591282.33639589,6514071834.147142,975281348.4848486,12991555135.549831,0.0,2.1066111580215128,1.0709088323950333
2112,c:\dev\monitor-backend_for_badger\simulations\data_worst_day\data_unified_2020_03_ETHUSDT.csv,1584098067517166.0,19505626969.69697,0.007891504734051024,108591282.33639589,6514071834.147142,975281348.4848486,12991555135.549831,0.0,2.112431314626969,1.0709088323950333
2113,c:\dev\monitor-backend_for_badger\simulations\data_worst_day\data_unified_2020_03_ETHUSDT.csv,1584098130389952.0,19505626969.69697,0.007882767583209495,108591282.33639589,6514071834.147142,975281348.4848486,12991555135.549831,0.0,2.1147727043537925,1.0709088323950333
2114,c:\dev\monitor-backend_for_badger\simulations\data_worst_day\data_unified_2020_03_ETHUSDT.csv,1584098190090452.5,19505626969.69697,0.007836305757602831,108591282.33639589,6514071834.147142,975281348.4848486,12991555135.549831,0.0,2.1273112912372985,1.0709088323950333
2115,c:\dev\monitor-backend_for_badger\simulations\data_worst_day\data_unified_2020_03_ETHUSDT.csv,1584098250645575.2,19505626969.69697,0.007853674978996817,108591282.33639589,6514071834.147142,975281348.4848486,12991555135.549831,0.0,2.1226065204274236,1.0709088323950333
2116,c:\dev\monitor-backend_for_badger\simulations\data_worst_day\data_unified_2020_03_ETHUSDT.csv,1584098300578632.5,19505626969.69697,0.007860463080009482,108591282.33639589,6514071834.147142,975281348.4848486,12991555135.549831,0.0,2.120773490067235,1.0709088323950333
2117,c:\dev\monitor-backend_for_badger\simulations\data_worst_day\data_unified_2020_03_ETHUSDT.csv,1584098375885281.0,19505626969.69697,0.00785174892206606,108591282.33639589,6514071834.147142,975281348.4848486,12991555135.549831,0.0,2.1231272020030216,1.0709088323950333
2118,c:\dev\monitor-backend_for_badger\simulations\data_worst_day\data_unified_2020_03_ETHUSDT.csv,1584098428823733.2,19505626969.69697,0.007872477506460968,108591282.33639589,6514071834.147142,975281348.4848486,12991555135.549831,0.0,2.117536913386544,1.0709088323950333
2119,c:\dev\monitor-backend_for_badger\simulations\data_worst_day\data_unified_2020_03_ETHUSDT.csv,1584098487652790.5,19505626969.69697,0.007886320820655586,108591282.33639589,6514071834.147142,975281348.4848486,12991555135.549831,0.0,2.1138198786022206,1.0709088323950333
2120,c:\dev\monitor-backend_for_badger\simulations\data_worst_day\data_unified_2020_03_ETHUSDT.csv,1584098551235937.2,19505626969.69697,0.007870524191477412,108591282.33639589,6514071834.147142,975281348.4848486,12991555135.549831,0.0,2.118062445928027,1.0709088323950333
2121,c:\dev\monitor-backend_for_badger\simulations\data_worst_day\data_unified_2020_03_ETHUSDT.csv,1584098611850989.8,19505626969.69697,0.007853229819706169,108591282.33639589,6514071834.147142,975281348.4848486,12991555135.549831,0.0,2.1227268400964836,1.0709088323950333
2122,c:\dev\monitor-backend_for_badger\simulations\data_worst_day\data_unified_2020_03_ETHUSDT.csv,1584098671738815.0,19505626969.69697,0.007867593213181572,108591282.33639589,6514071834.147142,975281348.4848486,12991555135.549831,0.0,2.1188515049057903,1.0709088323950333
2123,c:\dev\monitor-backend_for_badger\simulations\data_worst_day\data_unified_2020_03_ETHUSDT.csv,1584098731609942.5,19505626969.69697,0.007865312093665424,108591282.33639589,6514071834.147142,975281348.4848486,12991555135.549831,0.0,2.1194660200657864,1.0709088323950333
2124,c:\dev\monitor-backend_for_badger\simulations\data_worst_day\data_unified_2020_03_ETHUSDT.csv,1584098790919925.8,19505626969.69697,0.007802744400142423,108591282.33639589,6514071834.147142,975281348.4848486,12991555135.549831,0.0,2.1364613352491815,1.0709088323950333
2125,c:\dev\monitor-backend_for_badger\simulations\data_worst_day\data_unified_2020_03_ETHUSDT.csv,1584098845636495.0,19505626969.69697,0.007806602220565317,108591282.33639589,6514071834.147142,975281348.4848486,12991555135.549831,0.0,2.1354055514473456,1.0709088323950333
2126,c:\dev\monitor-backend_for_badger\simulations\data_worst_day\data_unified_2020_03_ETHUSDT.csv,1584098903655367.2,19505626969.69697,0.0077893352404075755,108591282.33639589,6514071834.147142,975281348.4848486,12991555135.549831,0.0,2.140139203825574,1.0709088323950333
2127,c:\dev\monitor-backend_for_badger\simulations\data_worst_day\data_unified_2020_03_ETHUSDT.csv,1584098977247220.0,19505626969.69697,0.007800982884838492,108591282.33639589,6514071834.147142,975281348.4848486,12991555135.549831,0.0,2.1369437628347634,1.0709088323950333
2128,c:\dev\monitor-backend_for_badger\simulations\data_worst_day\data_unified_2020_03_ETHUSDT.csv,1584099024161881.2,19505626969.69697,0.00779756385723002,108591282.33639589,6514071834.147142,975281348.4848486,12991555135.549831,0.0,2.1378807567288383,1.0709088323950333
2129,c:\dev\monitor-backend_for_badger\simulations\data_worst_day\data_unified_2020_03_ETHUSDT.csv,1584099091876478.0,19505626969.69697,0.007729345789867029,108591282.33639589,6514071834.147142,975281348.4848486,12991555135.549831,0.0,2.15674937736524,1.0709088323950333
2130,c:\dev\monitor-backend_for_badger\simulations\data_worst_day\data_unified_2020_03_ETHUSDT.csv,1584099148043355.5,19505626969.69697,0.007719863253296047,108591282.33639589,6514071834.147142,975281348.4848486,12991555135.549831,0.0,2.1593985764733428,1.0709088323950333
2131,c:\dev\monitor-backend_for_badger\simulations\data_worst_day\data_unified_2020_03_ETHUSDT.csv,1584099210549284.5,19505626969.69697,0.007746692367536233,108591282.33639589,6514071834.147142,975281348.4848486,12991555135.549831,0.0,2.1519199328988177,1.0709088323950333
2132,c:\dev\monitor-backend_for_badger\simulations\data_worst_day\data_unified_2020_03_ETHUSDT.csv,1584099272586332.2,19505626969.69697,0.007723290328685804,108591282.33639589,6514071834.147142,975281348.4848486,12991555135.549831,0.0,2.1584403810147803,1.0709088323950333
2133,c:\dev\monitor-backend_for_badger\simulations\data_worst_day\data_unified_2020_03_ETHUSDT.csv,1584099332052437.2,19505626969.69697,0.007675722977858334,108591282.33639589,6514071834.147142,975281348.4848486,12991555135.549831,0.0,2.17181648788316,1.0709088323950333
2134,c:\dev\monitor-backend_for_badger\simulations\data_worst_day\data_unified_2020_03_ETHUSDT.csv,1584099385289830.0,19505626969.69697,0.007666798514610853,108591282.33639589,6514071834.147142,975281348.4848486,12991555135.549831,0.0,2.1743445700271535,1.0709088323950333
2135,c:\dev\monitor-backend_for_badger\simulations\data_worst_day\data_unified_2020_03_ETHUSDT.csv,1584099446304329.5,19505626969.69697,0.007666033691110631,108591282.33639589,6514071834.147142,975281348.4848486,12991555135.549831,0.0,2.174561499653574,1.0709088323950333
2136,c:\dev\monitor-backend_for_badger\simulations\data_worst_day\data_unified_2020_03_ETHUSDT.csv,1584099513572073.8,19505626969.69697,0.007692756659544948,108591282.33639589,6514071834.147142,975281348.4848486,12991555135.549831,0.0,2.1670075445649744,1.0709088323950333
2137,c:\dev\monitor-backend_for_badger\simulations\data_worst_day\data_unified_2020_03_ETHUSDT.csv,1584099566395561.5,19505626969.69697,0.007722998219354422,108591282.33639589,6514071834.147142,975281348.4848486,12991555135.549831,0.0,2.158522020367609,1.0709088323950333
2138,c:\dev\monitor-backend_for_badger\simulations\data_worst_day\data_unified_2020_03_ETHUSDT.csv,1584099631695469.0,19505626969.69697,0.007702353938748811,108591282.33639589,6514071834.147142,975281348.4848486,12991555135.549831,0.0,2.1643074120330947,1.0709088323950333
2139,c:\dev\monitor-backend_for_badger\simulations\data_worst_day\data_unified_2020_03_ETHUSDT.csv,1584099698122384.8,19505626969.69697,0.007698131386233811,108591282.33639589,6514071834.147142,975281348.4848486,12991555135.549831,0.0,2.1654945704806963,1.0709088323950333
2140,c:\dev\monitor-backend_for_badger\simulations\data_worst_day\data_unified_2020_03_ETHUSDT.csv,1584099746147249.5,19505626969.69697,0.007730967028542628,108591282.33639589,6514071834.147142,975281348.4848486,12991555135.549831,0.0,2.1562970917079283,1.0709088323950333
2141,c:\dev\monitor-backend_for_badger\simulations\data_worst_day\data_unified_2020_03_ETHUSDT.csv,1584099804304317.5,19505626969.69697,0.007743029723064843,108591282.33639589,6514071834.147142,975281348.4848486,12991555135.549831,0.0,2.1529378442238416,1.0709088323950333
2142,c:\dev\monitor-backend_for_badger\simulations\data_worst_day\data_unified_2020_03_ETHUSDT.csv,1584099867969272.0,19505626969.69697,0.007744106276520503,108591282.33639589,6514071834.147142,975281348.4848486,12991555135.549831,0.0,2.15263855175635,1.0709088323950333
2143,c:\dev\monitor-backend_for_badger\simulations\data_worst_day\data_unified_2020_03_ETHUSDT.csv,1584099931348836.8,19505626969.69697,0.0077311884408485815,108591282.33639589,6514071834.147142,975281348.4848486,12991555135.549831,0.0,2.156235337850155,1.0709088323950333
2144,c:\dev\monitor-backend_for_badger\simulations\data_worst_day\data_unified_2020_03_ETHUSDT.csv,1584099995471638.0,19505626969.69697,0.007707332210246672,108591282.33639589,6514071834.147142,975281348.4848486,12991555135.549831,0.0,2.162909456215437,1.0709088323950333
2145,c:\dev\monitor-backend_for_badger\simulations\data_worst_day\data_unified_2020_03_ETHUSDT.csv,1584100050866413.5,19505626969.69697,0.007697362706790061,108591282.33639589,6514071834.147142,975281348.4848486,12991555135.549831,0.0,2.16571082262124,1.0709088323950333
2146,c:\dev\monitor-backend_for_badger\simulations\data_worst_day\data_unified_2020_03_ETHUSDT.csv,1584100106105546.8,19505626969.69697,0.0077056721973470495,108591282.33639589,6514071834.147142,975281348.4848486,12991555135.549831,0.0,2.1633754061684174,1.0709088323950333
2147,c:\dev\monitor-backend_for_badger\simulations\data_worst_day\data_unified_2020_03_ETHUSDT.csv,1584100174362459.8,19505626969.69697,0.007712954123996026,108591282.33639589,6514071834.147142,975281348.4848486,12991555135.549831,0.0,2.161332927920957,1.0709088323950333
2148,c:\dev\monitor-backend_for_badger\simulations\data_worst_day\data_unified_2020_03_ETHUSDT.csv,1584100227629023.5,19505626969.69697,0.007714762382526442,108591282.33639589,6514071834.147142,975281348.4848486,12991555135.549831,0.0,2.16082633439154,1.0709088323950333
2149,c:\dev\monitor-backend_for_badger\simulations\data_worst_day\data_unified_2020_03_ETHUSDT.csv,1584100292366129.2,19505626969.69697,0.007756646255175342,108591282.33639589,6514071834.147142,975281348.4848486,12991555135.549831,0.0,2.149158434112388,1.0709088323950333
2150,c:\dev\monitor-backend_for_badger\simulations\data_worst_day\data_unified_2020_03_ETHUSDT.csv,1584100348878996.5,19505626969.69697,0.0077579827045854005,108591282.33639589,6514071834.147142,975281348.4848486,12991555135.549831,0.0,2.148788203650325,1.0709088323950333
2151,c:\dev\monitor-backend_for_badger\simulations\data_worst_day\data_unified_2020_03_ETHUSDT.csv,1584100417197677.2,19505626969.69697,0.007766856867117648,108591282.33639589,6514071834.147142,975281348.4848486,12991555135.549831,0.0,2.14633306689516,1.0709088323950333
2152,c:\dev\monitor-backend_for_badger\simulations\data_worst_day\data_unified_2020_03_ETHUSDT.csv,1584100469170317.0,19505626969.69697,0.0077769612400048795,108591282.33639589,6514071834.147142,975281348.4848486,12991555135.549831,0.0,2.1435444006052284,1.0709088323950333
2153,c:\dev\monitor-backend_for_badger\simulations\data_worst_day\data_unified_2020_03_ETHUSDT.csv,1584100529816808.8,19505626969.69697,0.007819624207943703,108591282.33639589,6514071834.147142,975281348.4848486,12991555135.549831,0.0,2.1318494695437638,1.0709088323950333
2154,c:\dev\monitor-backend_for_badger\simulations\data_worst_day\data_unified_2020_03_ETHUSDT.csv,1584100590894786.0,19505626969.69697,0.007861111110779565,108591282.33639589,6514071834.147142,975281348.4848486,12991555135.549831,0.0,2.120598664084168,1.0709088323950333
2155,c:\dev\monitor-backend_for_badger\simulations\data_worst_day\data_unified_2020_03_ETHUSDT.csv,1584100651730991.0,19505626969.69697,0.007881431361466976,108591282.33639589,6514071834.147142,975281348.4848486,12991555135.549831,0.0,2.115131243956365,1.0709088323950333
2156,c:\dev\monitor-backend_for_badger\simulations\data_worst_day\data_unified_2020_03_ETHUSDT.csv,1584100713992826.8,19505626969.69697,0.007860448396324465,108591282.33639589,6514071834.147142,975281348.4848486,12991555135.549831,0.0,2.120777451771243,1.0709088323950333
2157,c:\dev\monitor-backend_for_badger\simulations\data_worst_day\data_unified_2020_03_ETHUSDT.csv,1584100765521358.2,19505626969.69697,0.007865822531630836,108591282.33639589,6514071834.147142,975281348.4848486,12991555135.549831,0.0,2.1193284812491284,1.0709088323950333
2158,c:\dev\monitor-backend_for_badger\simulations\data_worst_day\data_unified_2020_03_ETHUSDT.csv,1584100832332681.0,19505626969.69697,0.00786180620579057,108591282.33639589,6514071834.147142,975281348.4848486,12991555135.549831,0.0,2.120411173129397,1.0709088323950333
2159,c:\dev\monitor-backend_for_badger\simulations\data_worst_day\data_unified_2020_03_ETHUSDT.csv,1584100882123734.0,19505626969.69697,0.007857793181460843,108591282.33639589,6514071834.147142,975281348.4848486,12991555135.549831,0.0,2.121494080433049,1.0709088323950333
2160,c:\dev\monitor-backend_for_badger\simulations\data_worst_day\data_unified_2020_03_ETHUSDT.csv,1584100954291557.0,19505626969.69697,0.007865469821366919,108591282.33639589,6514071834.147142,975281348.4848486,12991555135.549831,0.0,2.119423518026959,1.0709088323950333
2161,c:\dev\monitor-backend_for_badger\simulations\data_worst_day\data_unified_2020_03_ETHUSDT.csv,1584101016297073.8,19505626969.69697,0.007889740632054991,108591282.33639589,6514071834.147142,975281348.4848486,12991555135.549831,0.0,2.1129036424856915,1.0709088323950333
2162,c:\dev\monitor-backend_for_badger\simulations\data_worst_day\data_unified_2020_03_ETHUSDT.csv,1584101070717675.5,19505626969.69697,0.007920182091434774,108591282.33639589,6514071834.147142,975281348.4848486,12991555135.549831,0.0,2.1047826334402453,1.0709088323950333
2163,c:\dev\monitor-backend_for_badger\simulations\data_worst_day\data_unified_2020_03_ETHUSDT.csv,1584101127108279.0,19505626969.69697,0.007949712490061458,108591282.33639589,6514071834.147142,975281348.4848486,12991555135.549831,0.0,2.0969641028624775,1.0709088323950333
2164,c:\dev\monitor-backend_for_badger\simulations\data_worst_day\data_unified_2020_03_ETHUSDT.csv,1584101186326600.8,19505626969.69697,0.007972739731841563,108591282.33639589,6514071834.147142,975281348.4848486,12991555135.549831,0.0,2.090907552539134,1.0709088323950333
2165,c:\dev\monitor-backend_for_badger\simulations\data_worst_day\data_unified_2020_03_ETHUSDT.csv,1584101251866826.2,19505626969.69697,0.007930544249526028,108591282.33639589,6514071834.147142,975281348.4848486,12991555135.549831,0.0,2.1020324955292518,1.0709088323950333
2166,c:\dev\monitor-backend_for_badger\simulations\data_worst_day\data_unified_2020_03_ETHUSDT.csv,1584101306429706.8,19505626969.69697,0.007902185553180526,108591282.33639589,6514071834.147142,975281348.4848486,12991555135.549831,0.0,2.1095760922782674,1.0709088323950333
2167,c:\dev\monitor-backend_for_badger\simulations\data_worst_day\data_unified_2020_03_ETHUSDT.csv,1584101364888420.2,19505626969.69697,0.007925902391537114,108591282.33639589,6514071834.147142,975281348.4848486,12991555135.549831,0.0,2.1032635649835956,1.0709088323950333
2168,c:\dev\monitor-backend_for_badger\simulations\data_worst_day\data_unified_2020_03_ETHUSDT.csv,1584101426847594.2,19505626969.69697,0.007893677848892203,108591282.33639589,6514071834.147142,975281348.4848486,12991555135.549831,0.0,2.1118497662120648,1.0709088323950333
2169,c:\dev\monitor-backend_for_badger\simulations\data_worst_day\data_unified_2020_03_ETHUSDT.csv,1584101493373502.5,19505626969.69697,0.00786442785665402,108591282.33639589,6514071834.147142,975281348.4848486,12991555135.549831,0.0,2.119704322245362,1.0709088323950333
2170,c:\dev\monitor-backend_for_badger\simulations\data_worst_day\data_unified_2020_03_ETHUSDT.csv,1584101550339646.8,19505626969.69697,0.007798852638406769,108591282.33639589,6514071834.147142,975281348.4848486,12991555135.549831,0.0,2.1375274662378967,1.0709088323950333
2171,c:\dev\monitor-backend_for_badger\simulations\data_worst_day\data_unified_2020_03_ETHUSDT.csv,1584101608139558.0,19505626969.69697,0.007780475986795742,108591282.33639589,6514071834.147142,975281348.4848486,12991555135.549831,0.0,2.1425760773540694,1.0709088323950333
2172,c:\dev\monitor-backend_for_badger\simulations\data_worst_day\data_unified_2020_03_ETHUSDT.csv,1584101661629158.2,19505626969.69697,0.00778498189218689,108591282.33639589,6514071834.147142,975281348.4848486,12991555135.549831,0.0,2.141335965914943,1.0709088323950333
2173,c:\dev\monitor-backend_for_badger\simulations\data_worst_day\data_unified_2020_03_ETHUSDT.csv,1584101729890376.8,19505626969.69697,0.007753715264088646,108591282.33639589,6514071834.147142,975281348.4848486,12991555135.549831,0.0,2.149970840036481,1.0709088323950333
2174,c:\dev\monitor-backend_for_badger\simulations\data_worst_day\data_unified_2020_03_ETHUSDT.csv,1584101784678662.8,19505626969.69697,0.007742739288195557,108591282.33639589,6514071834.147142,975281348.4848486,12991555135.549831,0.0,2.1530186022344235,1.0709088323950333
2175,c:\dev\monitor-backend_for_badger\simulations\data_worst_day\data_unified_2020_03_ETHUSDT.csv,1584101851297374.5,19505626969.69697,0.007787553098694883,108591282.33639589,6514071834.147142,975281348.4848486,12991555135.549831,0.0,2.140628963740886,1.0709088323950333
2176,c:\dev\monitor-backend_for_badger\simulations\data_worst_day\data_unified_2020_03_ETHUSDT.csv,1584101907205803.5,19505626969.69697,0.007797813970065796,108591282.33639589,6514071834.147142,975281348.4848486,12991555135.549831,0.0,2.1378121847648663,1.0709088323950333
2177,c:\dev\monitor-backend_for_badger\simulations\data_worst_day\data_unified_2020_03_ETHUSDT.csv,1584101970639518.5,19505626969.69697,0.007769808130240086,108591282.33639589,6514071834.147142,975281348.4848486,12991555135.549831,0.0,2.145517809488205,1.0709088323950333
2178,c:\dev\monitor-backend_for_badger\simulations\data_worst_day\data_unified_2020_03_ETHUSDT.csv,1584102031226104.2,19505626969.69697,0.0078015195122528086,108591282.33639589,6514071834.147142,975281348.4848486,12991555135.549831,0.0,2.136796773186889,1.0709088323950333
2179,c:\dev\monitor-backend_for_badger\simulations\data_worst_day\data_unified_2020_03_ETHUSDT.csv,1584102089509067.5,19505626969.69697,0.0078118421232427964,108591282.33639589,6514071834.147142,975281348.4848486,12991555135.549831,0.0,2.133973198221307,1.0709088323950333
2180,c:\dev\monitor-backend_for_badger\simulations\data_worst_day\data_unified_2020_03_ETHUSDT.csv,1584102145498826.5,19505626969.69697,0.007799736764602388,108591282.33639589,6514071834.147142,975281348.4848486,12991555135.549831,0.0,2.1372851703651263,1.0709088323950333
2181,c:\dev\monitor-backend_for_badger\simulations\data_worst_day\data_unified_2020_03_ETHUSDT.csv,1584102206553168.0,19505626969.69697,0.00777418975422999,108591282.33639589,6514071834.147142,975281348.4848486,12991555135.549831,0.0,2.144308570634766,1.0709088323950333
2182,c:\dev\monitor-backend_for_badger\simulations\data_worst_day\data_unified_2020_03_ETHUSDT.csv,1584102269900160.8,19505626969.69697,0.0077378814892562105,108591282.33639589,6514071834.147142,975281348.4848486,12991555135.549831,0.0,2.154370255331832,1.0709088323950333
2183,c:\dev\monitor-backend_for_badger\simulations\data_worst_day\data_unified_2020_03_ETHUSDT.csv,1584102325440546.2,19505626969.69697,0.007734607686649801,108591282.33639589,6514071834.147142,975281348.4848486,12991555135.549831,0.0,2.1552821287251325,1.0709088323950333
2184,c:\dev\monitor-backend_for_badger\simulations\data_worst_day\data_unified_2020_03_ETHUSDT.csv,1584102391765374.2,19505626969.69697,0.007721746852181547,108591282.33639589,6514071834.147142,975281348.4848486,12991555135.549831,0.0,2.1588718251009062,1.0709088323950333
2185,c:\dev\monitor-backend_for_badger\simulations\data_worst_day\data_unified_2020_03_ETHUSDT.csv,1584102454781031.0,19505626969.69697,0.00774849471917867,108591282.33639589,6514071834.147142,975281348.4848486,12991555135.549831,0.0,2.151419381944598,1.0709088323950333
2186,c:\dev\monitor-backend_for_badger\simulations\data_worst_day\data_unified_2020_03_ETHUSDT.csv,1584102513583542.2,19505626969.69697,0.007742786292622952,108591282.33639589,6514071834.147142,975281348.4848486,12991555135.549831,0.0,2.153005531822463,1.0709088323950333
2187,c:\dev\monitor-backend_for_badger\simulations\data_worst_day\data_unified_2020_03_ETHUSDT.csv,1584102581142234.8,19505626969.69697,0.007707407008979242,108591282.33639589,6514071834.147142,975281348.4848486,12991555135.549831,0.0,2.162888465642888,1.0709088323950333
2188,c:\dev\monitor-backend_for_badger\simulations\data_worst_day\data_unified_2020_03_ETHUSDT.csv,1584102626404495.5,19505626969.69697,0.007705298725720555,108591282.33639589,6514071834.147142,975281348.4848486,12991555135.549831,0.0,2.1634802637943733,1.0709088323950333
2189,c:\dev\monitor-backend_for_badger\simulations\data_worst_day\data_unified_2020_03_ETHUSDT.csv,1584102688301923.2,19505626969.69697,0.007711613411383907,108591282.33639589,6514071834.147142,975281348.4848486,12991555135.549831,0.0,2.161708689277352,1.0709088323950333
2190,c:\dev\monitor-backend_for_badger\simulations\data_worst_day\data_unified_2020_03_ETHUSDT.csv,1584102743550260.8,19505626969.69697,0.007722251322998316,108591282.33639589,6514071834.147142,975281348.4848486,12991555135.549831,0.0,2.1587307926755996,1.0709088323950333
2191,c:\dev\monitor-backend_for_badger\simulations\data_worst_day\data_unified_2020_03_ETHUSDT.csv,1584102808697232.0,19505626969.69697,0.007732129208679261,108591282.33639589,6514071834.147142,975281348.4848486,12991555135.549831,0.0,2.155972988788664,1.0709088323950333
2192,c:\dev\monitor-backend_for_badger\simulations\data_worst_day\data_unified_2020_03_ETHUSDT.csv,1584102874548674.2,19505626969.69697,0.00773845375574435,108591282.33639589,6514071834.147142,975281348.4848486,12991555135.549831,0.0,2.154210937470785,1.0709088323950333
2193,c:\dev\monitor-backend_for_badger\simulations\data_worst_day\data_unified_2020_03_ETHUSDT.csv,1584102931179418.5,19505626969.69697,0.007710205310707068,108591282.33639589,6514071834.147142,975281348.4848486,12991555135.549831,0.0,2.162103478176718,1.0709088323950333
2194,c:\dev\monitor-backend_for_badger\simulations\data_worst_day\data_unified_2020_03_ETHUSDT.csv,1584102979215534.8,19505626969.69697,0.007704912138318494,108591282.33639589,6514071834.147142,975281348.4848486,12991555135.549831,0.0,2.1635888145733535,1.0709088323950333
2195,c:\dev\monitor-backend_for_badger\simulations\data_worst_day\data_unified_2020_03_ETHUSDT.csv,1584103042000425.2,19505626969.69697,0.007684263011296949,108591282.33639589,6514071834.147142,975281348.4848486,12991555135.549831,0.0,2.169402803525689,1.0709088323950333
2196,c:\dev\monitor-backend_for_badger\simulations\data_worst_day\data_unified_2020_03_ETHUSDT.csv,1584103110879978.2,19505626969.69697,0.0076674239981454635,108591282.33639589,6514071834.147142,975281348.4848486,12991555135.549831,0.0,2.174167194062625,1.0709088323950333
2197,c:\dev\monitor-backend_for_badger\simulations\data_worst_day\data_unified_2020_03_ETHUSDT.csv,1584103164535571.0,19505626969.69697,0.007646425972055029,108591282.33639589,6514071834.147142,975281348.4848486,12991555135.549831,0.0,2.1801377245604994,1.0709088323950333
2198,c:\dev\monitor-backend_for_badger\simulations\data_worst_day\data_unified_2020_03_ETHUSDT.csv,1584103235969282.5,19505626969.69697,0.007607212650199644,108591282.33639589,6514071834.147142,975281348.4848486,12991555135.549831,0.0,2.1913758016609224,1.0709088323950333
2199,c:\dev\monitor-backend_for_badger\simulations\data_worst_day\data_unified_2020_03_ETHUSDT.csv,1584103289404801.8,19505626969.69697,0.00759112578337191,108591282.33639589,6514071834.147142,975281348.4848486,12991555135.549831,0.0,2.196019693976349,1.0709088323950333
2200,c:\dev\monitor-backend_for_badger\simulations\data_worst_day\data_unified_2020_03_ETHUSDT.csv,1584103342238723.5,19505626969.69697,0.007580083836466149,108591282.33639589,6514071834.147142,975281348.4848486,12991555135.549831,0.0,2.199218647099827,1.0709088323950333
2201,c:\dev\monitor-backend_for_badger\simulations\data_worst_day\data_unified_2020_03_ETHUSDT.csv,1584103413076562.8,19505626969.69697,0.007633090070088924,108591282.33639589,6514071834.147142,975281348.4848486,12991555135.549831,0.0,2.183946680396259,1.0709088323950333
2202,c:\dev\monitor-backend_for_badger\simulations\data_worst_day\data_unified_2020_03_ETHUSDT.csv,1584103467515522.2,19505626969.69697,0.007645160693180061,108591282.33639589,6514071834.147142,975281348.4848486,12991555135.549831,0.0,2.1804985387170763,1.0709088323950333
2203,c:\dev\monitor-backend_for_badger\simulations\data_worst_day\data_unified_2020_03_ETHUSDT.csv,1584103525378312.8,19505626969.69697,0.007669134933595804,108591282.33639589,6514071834.147142,975281348.4848486,12991555135.549831,0.0,2.1736821511262963,1.0709088323950333
2204,c:\dev\monitor-backend_for_badger\simulations\data_worst_day\data_unified_2020_03_ETHUSDT.csv,1584103588919163.5,19505626969.69697,0.007665518277805117,108591282.33639589,6514071834.147142,975281348.4848486,12991555135.549831,0.0,2.174707712589211,1.0709088323950333
2205,c:\dev\monitor-backend_for_badger\simulations\data_worst_day\data_unified_2020_03_ETHUSDT.csv,1584103655166357.0,19505626969.69697,0.007663840715863426,108591282.33639589,6514071834.147142,975281348.4848486,12991555135.549831,0.0,2.1751837411274075,1.0709088323950333
2206,c:\dev\monitor-backend_for_badger\simulations\data_worst_day\data_unified_2020_03_ETHUSDT.csv,1584103704471338.8,19505626969.69697,0.007711165446267545,108591282.33639589,6514071834.147142,975281348.4848486,12991555135.549831,0.0,2.161834269527352,1.0709088323950333
2207,c:\dev\monitor-backend_for_badger\simulations\data_worst_day\data_unified_2020_03_ETHUSDT.csv,1584103767782136.2,19505626969.69697,0.007715192353980233,108591282.33639589,6514071834.147142,975281348.4848486,12991555135.549831,0.0,2.16070591048015,1.0709088323950333
2208,c:\dev\monitor-backend_for_badger\simulations\data_worst_day\data_unified_2020_03_ETHUSDT.csv,1584103828841013.8,19505626969.69697,0.007706916765996296,108591282.33639589,6514071834.147142,975281348.4848486,12991555135.549831,0.0,2.1630260486641366,1.0709088323950333
2209,c:\dev\monitor-backend_for_badger\simulations\data_worst_day\data_unified_2020_03_ETHUSDT.csv,1584103888717212.8,19505626969.69697,0.007717469658767947,108591282.33639589,6514071834.147142,975281348.4848486,12991555135.549831,0.0,2.1600683199054744,1.0709088323950333
2210,c:\dev\monitor-backend_for_badger\simulations\data_worst_day\data_unified_2020_03_ETHUSDT.csv,1584103951429239.0,19505626969.69697,0.007755458341910114,108591282.33639589,6514071834.147142,975281348.4848486,12991555135.549831,0.0,2.14948762340081,1.0709088323950333
2211,c:\dev\monitor-backend_for_badger\simulations\data_worst_day\data_unified_2020_03_ETHUSDT.csv,1584104013168804.0,19505626969.69697,0.007812074989101573,108591282.33639589,6514071834.147142,975281348.4848486,12991555135.549831,0.0,2.13390958778463,1.0709088323950333
2212,c:\dev\monitor-backend_for_badger\simulations\data_worst_day\data_unified_2020_03_ETHUSDT.csv,1584104070778472.2,19505626969.69697,0.007823436579183026,108591282.33639589,6514071834.147142,975281348.4848486,12991555135.549831,0.0,2.1308106164103617,1.0709088323950333
2213,c:\dev\monitor-backend_for_badger\simulations\data_worst_day\data_unified_2020_03_ETHUSDT.csv,1584104128527847.5,19505626969.69697,0.0077961062219057565,108591282.33639589,6514071834.147142,975281348.4848486,12991555135.549831,0.0,2.1382804755655718,1.0709088323950333
2214,c:\dev\monitor-backend_for_badger\simulations\data_worst_day\data_unified_2020_03_ETHUSDT.csv,1584104189839049.5,19505626969.69697,0.007742778493006084,108591282.33639589,6514071834.147142,975281348.4848486,12991555135.549831,0.0,2.1530077006328296,1.0709088323950333
2215,c:\dev\monitor-backend_for_badger\simulations\data_worst_day\data_unified_2020_03_ETHUSDT.csv,1584104248471730.8,19505626969.69697,0.007756680326559581,108591282.33639589,6514071834.147142,975281348.4848486,12991555135.549831,0.0,2.1491489938879984,1.0709088323950333
2216,c:\dev\monitor-backend_for_badger\simulations\data_worst_day\data_unified_2020_03_ETHUSDT.csv,1584104309470924.0,19505626969.69697,0.007768464963336243,108591282.33639589,6514071834.147142,975281348.4848486,12991555135.549831,0.0,2.1458887693273634,1.0709088323950333
2217,c:\dev\monitor-backend_for_badger\simulations\data_worst_day\data_unified_2020_03_ETHUSDT.csv,1584104374096155.5,19505626969.69697,0.007755394341187451,108591282.33639589,6514071834.147142,975281348.4848486,12991555135.549831,0.0,2.149505361861963,1.0709088323950333
2218,c:\dev\monitor-backend_for_badger\simulations\data_worst_day\data_unified_2020_03_ETHUSDT.csv,1584104429819351.0,19505626969.69697,0.007719756275017192,108591282.33639589,6514071834.147142,975281348.4848486,12991555135.549831,0.0,2.159428500830388,1.0709088323950333
2219,c:\dev\monitor-backend_for_badger\simulations\data_worst_day\data_unified_2020_03_ETHUSDT.csv,1584104491415723.0,19505626969.69697,0.007709096891904816,108591282.33639589,6514071834.147142,975281348.4848486,12991555135.549831,0.0,2.162414346775366,1.0709088323950333
2220,c:\dev\monitor-backend_for_badger\simulations\data_worst_day\data_unified_2020_03_ETHUSDT.csv,1584104545498694.2,19505626969.69697,0.007761952414254475,108591282.33639589,6514071834.147142,975281348.4848486,12991555135.549831,0.0,2.147689244927883,1.0709088323950333
2221,c:\dev\monitor-backend_for_badger\simulations\data_worst_day\data_unified_2020_03_ETHUSDT.csv,1584104604529606.2,19505626969.69697,0.00775940342434839,108591282.33639589,6514071834.147142,975281348.4848486,12991555135.549831,0.0,2.1483947680083753,1.0709088323950333
2222,c:\dev\monitor-backend_for_badger\simulations\data_worst_day\data_unified_2020_03_ETHUSDT.csv,1584104666335565.5,19505626969.69697,0.007765269630819352,108591282.33639589,6514071834.147142,975281348.4848486,12991555135.549831,0.0,2.146771781571401,1.0709088323950333
2223,c:\dev\monitor-backend_for_badger\simulations\data_worst_day\data_unified_2020_03_ETHUSDT.csv,1584104728295183.8,19505626969.69697,0.007775360278874641,108591282.33639589,6514071834.147142,975281348.4848486,12991555135.549831,0.0,2.143985760380625,1.0709088323950333
2224,c:\dev\monitor-backend_for_badger\simulations\data_worst_day\data_unified_2020_03_ETHUSDT.csv,1584104790602258.0,19505626969.69697,0.007772620966641533,108591282.33639589,6514071834.147142,975281348.4848486,12991555135.549831,0.0,2.1447413673304845,1.0709088323950333
2225,c:\dev\monitor-backend_for_badger\simulations\data_worst_day\data_unified_2020_03_ETHUSDT.csv,1584104852950184.0,19505626969.69697,0.007770751295286517,108591282.33639589,6514071834.147142,975281348.4848486,12991555135.549831,0.0,2.145257399995286,1.0709088323950333
2226,c:\dev\monitor-backend_for_badger\simulations\data_worst_day\data_unified_2020_03_ETHUSDT.csv,1584104900955278.2,19505626969.69697,0.007789789969242673,108591282.33639589,6514071834.147142,975281348.4848486,12991555135.549831,0.0,2.1400142732419583,1.0709088323950333
2227,c:\dev\monitor-backend_for_badger\simulations\data_worst_day\data_unified_2020_03_ETHUSDT.csv,1584104972036281.0,19505626969.69697,0.007816771625140556,108591282.33639589,6514071834.147142,975281348.4848486,12991555135.549831,0.0,2.132627447643592,1.0709088323950333
2228,c:\dev\monitor-backend_for_badger\simulations\data_worst_day\data_unified_2020_03_ETHUSDT.csv,1584105026584702.2,19505626969.69697,0.0077709372058639824,108591282.33639589,6514071834.147142,975281348.4848486,12991555135.549831,0.0,2.1452060772228223,1.0709088323950333
2229,c:\dev\monitor-backend_for_badger\simulations\data_worst_day\data_unified_2020_03_ETHUSDT.csv,1584105091650143.5,19505626969.69697,0.007747157503426542,108591282.33639589,6514071834.147142,975281348.4848486,12991555135.549831,0.0,2.151790732583293,1.0709088323950333
2230,c:\dev\monitor-backend_for_badger\simulations\data_worst_day\data_unified_2020_03_ETHUSDT.csv,1584105148313837.8,19505626969.69697,0.007705024797201382,108591282.33639589,6514071834.147142,975281348.4848486,12991555135.549831,0.0,2.163557179698023,1.0709088323950333
2231,c:\dev\monitor-backend_for_badger\simulations\data_worst_day\data_unified_2020_03_ETHUSDT.csv,1584105205986861.5,19505626969.69697,0.007695195428573399,108591282.33639589,6514071834.147142,975281348.4848486,12991555135.549831,0.0,2.1663207743674975,1.0709088323950333
2232,c:\dev\monitor-backend_for_badger\simulations\data_worst_day\data_unified_2020_03_ETHUSDT.csv,1584105273142441.0,19505626969.69697,0.007719368352225798,108591282.33639589,6514071834.147142,975281348.4848486,12991555135.549831,0.0,2.15953701897509,1.0709088323950333
2233,c:\dev\monitor-backend_for_badger\simulations\data_worst_day\data_unified_2020_03_ETHUSDT.csv,1584105327023849.2,19505626969.69697,0.00768946543029998,108591282.33639589,6514071834.147142,975281348.4848486,12991555135.549831,0.0,2.1679350626960314,1.0709088323950333
2234,c:\dev\monitor-backend_for_badger\simulations\data_worst_day\data_unified_2020_03_ETHUSDT.csv,1584105387109937.8,19505626969.69697,0.007647306546678608,108591282.33639589,6514071834.147142,975281348.4848486,12991555135.549831,0.0,2.179886685329309,1.0709088323950333
2235,c:\dev\monitor-backend_for_badger\simulations\data_worst_day\data_unified_2020_03_ETHUSDT.csv,1584105445872125.0,19505626969.69697,0.007656537297998026,108591282.33639589,6514071834.147142,975281348.4848486,12991555135.549831,0.0,2.1772586054135945,1.0709088323950333
2236,c:\dev\monitor-backend_for_badger\simulations\data_worst_day\data_unified_2020_03_ETHUSDT.csv,1584105508174833.5,19505626969.69697,0.007649661431388055,108591282.33639589,6514071834.147142,975281348.4848486,12991555135.549831,0.0,2.179215625326242,1.0709088323950333
2237,c:\dev\monitor-backend_for_badger\simulations\data_worst_day\data_unified_2020_03_ETHUSDT.csv,1584105572147571.0,19505626969.69697,0.007628471799356678,108591282.33639589,6514071834.147142,975281348.4848486,12991555135.549831,0.0,2.185268839971616,1.0709088323950333
2238,c:\dev\monitor-backend_for_badger\simulations\data_worst_day\data_unified_2020_03_ETHUSDT.csv,1584105627242929.0,19505626969.69697,0.007630668985726403,108591282.33639589,6514071834.147142,975281348.4848486,12991555135.549831,0.0,2.184639610356447,1.0709088323950333
2239,c:\dev\monitor-backend_for_badger\simulations\data_worst_day\data_unified_2020_03_ETHUSDT.csv,1584105689811077.5,19505626969.69697,0.007635475362060943,108591282.33639589,6514071834.147142,975281348.4848486,12991555135.549831,0.0,2.1832644241859973,1.0709088323950333
2240,c:\dev\monitor-backend_for_badger\simulations\data_worst_day\data_unified_2020_03_ETHUSDT.csv,1584105748785446.0,19505626969.69697,0.007618505957341163,108591282.33639589,6514071834.147142,975281348.4848486,12991555135.549831,0.0,2.1881274114740243,1.0709088323950333
2241,c:\dev\monitor-backend_for_badger\simulations\data_worst_day\data_unified_2020_03_ETHUSDT.csv,1584105807655571.8,19505626969.69697,0.007618584316644803,108591282.33639589,6514071834.147142,975281348.4848486,12991555135.549831,0.0,2.1881049059620934,1.0709088323950333
2242,c:\dev\monitor-backend_for_badger\simulations\data_worst_day\data_unified_2020_03_ETHUSDT.csv,1584105876020419.0,19505626969.69697,0.007652027154887185,108591282.33639589,6514071834.147142,975281348.4848486,12991555135.549831,0.0,2.1785418925348976,1.0709088323950333
2243,c:\dev\monitor-backend_for_badger\simulations\data_worst_day\data_unified_2020_03_ETHUSDT.csv,1584105927229715.0,19505626969.69697,0.0076377247780367,108591282.33639589,6514071834.147142,975281348.4848486,12991555135.549831,0.0,2.182621422504503,1.0709088323950333
2244,c:\dev\monitor-backend_for_badger\simulations\data_worst_day\data_unified_2020_03_ETHUSDT.csv,1584105986526820.0,19505626969.69697,0.007623859448422809,108591282.33639589,6514071834.147142,975281348.4848486,12991555135.549831,0.0,2.1865909035331215,1.0709088323950333
2245,c:\dev\monitor-backend_for_badger\simulations\data_worst_day\data_unified_2020_03_ETHUSDT.csv,1584106050359552.5,19505626969.69697,0.007591402517866001,108591282.33639589,6514071834.147142,975281348.4848486,12991555135.549831,0.0,2.1959396409956784,1.0709088323950333
2246,c:\dev\monitor-backend_for_badger\simulations\data_worst_day\data_unified_2020_03_ETHUSDT.csv,1584106112516960.0,19505626969.69697,0.007526682926331926,108591282.33639589,6514071834.147142,975281348.4848486,12991555135.549831,0.0,2.214821838902743,1.0709088323950333
2247,c:\dev\monitor-backend_for_badger\simulations\data_worst_day\data_unified_2020_03_ETHUSDT.csv,1584106168315668.5,19505626969.69697,0.007469417082333085,108591282.33639589,6514071834.147142,975281348.4848486,12991555135.549831,0.0,2.2318022324881834,1.0709088323950333
2248,c:\dev\monitor-backend_for_badger\simulations\data_worst_day\data_unified_2020_03_ETHUSDT.csv,1584106231183057.0,19505626969.69697,0.0075058013682763845,108591282.33639589,6514071834.147142,975281348.4848486,12991555135.549831,0.0,2.2209835967940723,1.0709088323950333
2249,c:\dev\monitor-backend_for_badger\simulations\data_worst_day\data_unified_2020_03_ETHUSDT.csv,1584106289639174.5,19505626969.69697,0.0075016764293958605,108591282.33639589,6514071834.147142,975281348.4848486,12991555135.549831,0.0,2.222204846694364,1.0709088323950333
2250,c:\dev\monitor-backend_for_badger\simulations\data_worst_day\data_unified_2020_03_ETHUSDT.csv,1584106351738288.8,19505626969.69697,0.007389822748883602,108591282.33639589,6514071834.147142,975281348.4848486,12991555135.549831,0.0,2.255840537211095,1.0709088323950333
2251,c:\dev\monitor-backend_for_badger\simulations\data_worst_day\data_unified_2020_03_ETHUSDT.csv,1584106411719555.0,19505626969.69697,0.0072743536746287946,108591282.33639589,6514071834.147142,975281348.4848486,12991555135.549831,0.0,2.2916485045095127,1.0709088323950333
2252,c:\dev\monitor-backend_for_badger\simulations\data_worst_day\data_unified_2020_03_ETHUSDT.csv,1584106462944031.5,19505626969.69697,0.0072598012183528095,108591282.33639589,6514071834.147142,975281348.4848486,12991555135.549831,0.0,2.2962421722503725,1.0709088323950333
2253,c:\dev\monitor-backend_for_badger\simulations\data_worst_day\data_unified_2020_03_ETHUSDT.csv,1584106604134548.0,19505626969.69697,0.00730262503349583,108591282.33639589,6514071834.147142,975281348.4848486,12991555135.549831,0.0,2.282776623922611,1.0709088323950333
2254,c:\dev\monitor-backend_for_badger\simulations\data_worst_day\data_unified_2020_03_ETHUSDT.csv,1584106651023610.5,19505626969.69697,0.007322610053017763,108591282.33639589,6514071834.147142,975281348.4848486,12991555135.549831,0.0,2.2765464225240666,1.0709088323950333
2255,c:\dev\monitor-backend_for_badger\simulations\data_worst_day\data_unified_2020_03_ETHUSDT.csv,1584106713281633.0,19505626969.69697,0.007375110855162286,108591282.33639589,6514071834.147142,975281348.4848486,12991555135.549831,0.0,2.2603404948235903,1.0709088323950333
2256,c:\dev\monitor-backend_for_badger\simulations\data_worst_day\data_unified_2020_03_ETHUSDT.csv,1584106766490668.8,19505626969.69697,0.007357562062101234,108591282.33639589,6514071834.147142,975281348.4848486,12991555135.549831,0.0,2.265731716434278,1.0709088323950333
2257,c:\dev\monitor-backend_for_badger\simulations\data_worst_day\data_unified_2020_03_ETHUSDT.csv,1584106825684540.8,19505626969.69697,0.007401611681628306,108591282.33639589,6514071834.147142,975281348.4848486,12991555135.549831,0.0,2.2522475423986315,1.0709088323950333
2258,c:\dev\monitor-backend_for_badger\simulations\data_worst_day\data_unified_2020_03_ETHUSDT.csv,1584106917414278.0,19505626969.69697,0.007514232392718028,108591282.33639589,6514071834.147142,975281348.4848486,12991555135.549831,0.0,2.2184916367360885,1.0709088323950333
2259,c:\dev\monitor-backend_for_badger\simulations\data_worst_day\data_unified_2020_03_ETHUSDT.csv,1584106948106657.8,19505626969.69697,0.007471114243202905,108591282.33639589,6514071834.147142,975281348.4848486,12991555135.549831,0.0,2.2312952495543326,1.0709088323950333
2260,c:\dev\monitor-backend_for_badger\simulations\data_worst_day\data_unified_2020_03_ETHUSDT.csv,1584107007456526.8,19505626969.69697,0.0074988911678383705,108591282.33639589,6514071834.147142,975281348.4848486,12991555135.549831,0.0,2.2230302249528076,1.0709088323950333
2261,c:\dev\monitor-backend_for_badger\simulations\data_worst_day\data_unified_2020_03_ETHUSDT.csv,1584107066117582.5,19505626969.69697,0.007552302853235474,108591282.33639589,6514071834.147142,975281348.4848486,12991555135.549831,0.0,2.207308425481728,1.0709088323950333
2262,c:\dev\monitor-backend_for_badger\simulations\data_worst_day\data_unified_2020_03_ETHUSDT.csv,1584107127897757.5,19505626969.69697,0.007481855703053104,108591282.33639589,6514071834.147142,975281348.4848486,12991555135.549831,0.0,2.2280918506532754,1.0709088323950333
2263,c:\dev\monitor-backend_for_badger\simulations\data_worst_day\data_unified_2020_03_ETHUSDT.csv,1584107188792171.8,19505626969.69697,0.007461637913196971,108591282.33639589,6514071834.147142,975281348.4848486,12991555135.549831,0.0,2.2341290094300366,1.0709088323950333
2264,c:\dev\monitor-backend_for_badger\simulations\data_worst_day\data_unified_2020_03_ETHUSDT.csv,1584107249040958.8,19505626969.69697,0.007452419354061455,108591282.33639589,6514071834.147142,975281348.4848486,12991555135.549831,0.0,2.236892601950978,1.0709088323950333
2265,c:\dev\monitor-backend_for_badger\simulations\data_worst_day\data_unified_2020_03_ETHUSDT.csv,1584107310578750.0,19505626969.69697,0.007415393015368102,108591282.33639589,6514071834.147142,975281348.4848486,12991555135.549831,0.0,2.2480617932438527,1.0709088323950333
2266,c:\dev\monitor-backend_for_badger\simulations\data_worst_day\data_unified_2020_03_ETHUSDT.csv,1584107369675480.0,19505626969.69697,0.00741482185171843,108591282.33639589,6514071834.147142,975281348.4848486,12991555135.549831,0.0,2.2482349614202692,1.0709088323950333
2267,c:\dev\monitor-backend_for_badger\simulations\data_worst_day\data_unified_2020_03_ETHUSDT.csv,1584107428082363.2,19505626969.69697,0.007472625503724491,108591282.33639589,6514071834.147142,975281348.4848486,12991555135.549831,0.0,2.2308439933765714,1.0709088323950333
2268,c:\dev\monitor-backend_for_badger\simulations\data_worst_day\data_unified_2020_03_ETHUSDT.csv,1584107490450792.2,19505626969.69697,0.00748676828689777,108591282.33639589,6514071834.147142,975281348.4848486,12991555135.549831,0.0,2.226629846272947,1.0709088323950333
2269,c:\dev\monitor-backend_for_badger\simulations\data_worst_day\data_unified_2020_03_ETHUSDT.csv,1584107551324208.0,19505626969.69697,0.0075192834029993525,108591282.33639589,6514071834.147142,975281348.4848486,12991555135.549831,0.0,2.2170013851435346,1.0709088323950333
2270,c:\dev\monitor-backend_for_badger\simulations\data_worst_day\data_unified_2020_03_ETHUSDT.csv,1584107610298838.0,19505626969.69697,0.007539327213215487,108591282.33639589,6514071834.147142,975281348.4848486,12991555135.549831,0.0,2.211107337338469,1.0709088323950333
2271,c:\dev\monitor-backend_for_badger\simulations\data_worst_day\data_unified_2020_03_ETHUSDT.csv,1584107673235542.5,19505626969.69697,0.0075113825496432324,108591282.33639589,6514071834.147142,975281348.4848486,12991555135.549831,0.0,2.2193333397096304,1.0709088323950333
2272,c:\dev\monitor-backend_for_badger\simulations\data_worst_day\data_unified_2020_03_ETHUSDT.csv,1584107733158381.5,19505626969.69697,0.007512097302373912,108591282.33639589,6514071834.147142,975281348.4848486,12991555135.549831,0.0,2.219122177034149,1.0709088323950333
2273,c:\dev\monitor-backend_for_badger\simulations\data_worst_day\data_unified_2020_03_ETHUSDT.csv,1584107787729064.8,19505626969.69697,0.007526461757740955,108591282.33639589,6514071834.147142,975281348.4848486,12991555135.549831,0.0,2.214886922476025,1.0709088323950333
2274,c:\dev\monitor-backend_for_badger\simulations\data_worst_day\data_unified_2020_03_ETHUSDT.csv,1584107847256908.0,19505626969.69697,0.0075492093998919775,108591282.33639589,6514071834.147142,975281348.4848486,12991555135.549831,0.0,2.2082129182924626,1.0709088323950333
2275,c:\dev\monitor-backend_for_badger\simulations\data_worst_day\data_unified_2020_03_ETHUSDT.csv,1584107912205345.8,19505626969.69697,0.007604482039809401,108591282.33639589,6514071834.147142,975281348.4848486,12991555135.549831,0.0,2.1921626788606603,1.0709088323950333
2276,c:\dev\monitor-backend_for_badger\simulations\data_worst_day\data_unified_2020_03_ETHUSDT.csv,1584107968337824.5,19505626969.69697,0.007601669387243395,108591282.33639589,6514071834.147142,975281348.4848486,12991555135.549831,0.0,2.192973789114172,1.0709088323950333
2277,c:\dev\monitor-backend_for_badger\simulations\data_worst_day\data_unified_2020_03_ETHUSDT.csv,1584108028795872.5,19505626969.69697,0.00755766391602573,108591282.33639589,6514071834.147142,975281348.4848486,12991555135.549831,0.0,2.2057426613517066,1.0709088323950333
2278,c:\dev\monitor-backend_for_badger\simulations\data_worst_day\data_unified_2020_03_ETHUSDT.csv,1584108088651360.5,19505626969.69697,0.0075241874978479876,108591282.33639589,6514071834.147142,975281348.4848486,12991555135.549831,0.0,2.215556393896917,1.0709088323950333
2279,c:\dev\monitor-backend_for_badger\simulations\data_worst_day\data_unified_2020_03_ETHUSDT.csv,1584108148073828.2,19505626969.69697,0.007507927403480974,108591282.33639589,6514071834.147142,975281348.4848486,12991555135.549831,0.0,2.2203546763128474,1.0709088323950333
2280,c:\dev\monitor-backend_for_badger\simulations\data_worst_day\data_unified_2020_03_ETHUSDT.csv,1584108210594865.8,19505626969.69697,0.007489984507356017,108591282.33639589,6514071834.147142,975281348.4848486,12991555135.549831,0.0,2.2256737251411214,1.0709088323950333
2281,c:\dev\monitor-backend_for_badger\simulations\data_worst_day\data_unified_2020_03_ETHUSDT.csv,1584108268774418.2,19505626969.69697,0.007446405574522075,108591282.33639589,6514071834.147142,975281348.4848486,12991555135.549831,0.0,2.2386991351604273,1.0709088323950333
2282,c:\dev\monitor-backend_for_badger\simulations\data_worst_day\data_unified_2020_03_ETHUSDT.csv,1584108331367617.0,19505626969.69697,0.007509707742433071,108591282.33639589,6514071834.147142,975281348.4848486,12991555135.549831,0.0,2.21982829312281,1.0709088323950333
2283,c:\dev\monitor-backend_for_badger\simulations\data_worst_day\data_unified_2020_03_ETHUSDT.csv,1584108385838660.8,19505626969.69697,0.007533871539890007,108591282.33639589,6514071834.147142,975281348.4848486,12991555135.549831,0.0,2.212708516659913,1.0709088323950333
2284,c:\dev\monitor-backend_for_badger\simulations\data_worst_day\data_unified_2020_03_ETHUSDT.csv,1584108452759149.5,19505626969.69697,0.007528360764989341,108591282.33639589,6514071834.147142,975281348.4848486,12991555135.549831,0.0,2.2143282236501527,1.0709088323950333
2285,c:\dev\monitor-backend_for_badger\simulations\data_worst_day\data_unified_2020_03_ETHUSDT.csv,1584108508472443.0,19505626969.69697,0.007508278477782018,108591282.33639589,6514071834.147142,975281348.4848486,12991555135.549831,0.0,2.220250856313581,1.0709088323950333
2286,c:\dev\monitor-backend_for_badger\simulations\data_worst_day\data_unified_2020_03_ETHUSDT.csv,1584108567809141.5,19505626969.69697,0.007506768325806391,108591282.33639589,6514071834.147142,975281348.4848486,12991555135.549831,0.0,2.2206975087306433,1.0709088323950333
2287,c:\dev\monitor-backend_for_badger\simulations\data_worst_day\data_unified_2020_03_ETHUSDT.csv,1584108626265380.8,19505626969.69697,0.007509048233999164,108591282.33639589,6514071834.147142,975281348.4848486,12991555135.549831,0.0,2.2200232573094176,1.0709088323950333
2288,c:\dev\monitor-backend_for_badger\simulations\data_worst_day\data_unified_2020_03_ETHUSDT.csv,1584108688371115.2,19505626969.69697,0.007526928132954192,108591282.33639589,6514071834.147142,975281348.4848486,12991555135.549831,0.0,2.214749686097183,1.0709088323950333
2289,c:\dev\monitor-backend_for_badger\simulations\data_worst_day\data_unified_2020_03_ETHUSDT.csv,1584108752326460.8,19505626969.69697,0.007494383109365379,108591282.33639589,6514071834.147142,975281348.4848486,12991555135.549831,0.0,2.224367433111914,1.0709088323950333
2290,c:\dev\monitor-backend_for_badger\simulations\data_worst_day\data_unified_2020_03_ETHUSDT.csv,1584108807443042.5,19505626969.69697,0.007475167582335148,108591282.33639589,6514071834.147142,975281348.4848486,12991555135.549831,0.0,2.2300853507459126,1.0709088323950333
2291,c:\dev\monitor-backend_for_badger\simulations\data_worst_day\data_unified_2020_03_ETHUSDT.csv,1584108863954538.8,19505626969.69697,0.007480892508081384,108591282.33639589,6514071834.147142,975281348.4848486,12991555135.549831,0.0,2.228378726432437,1.0709088323950333
2292,c:\dev\monitor-backend_for_badger\simulations\data_worst_day\data_unified_2020_03_ETHUSDT.csv,1584108928762911.2,19505626969.69697,0.00745447928176994,108591282.33639589,6514071834.147142,975281348.4848486,12991555135.549831,0.0,2.236274471981399,1.0709088323950333
2293,c:\dev\monitor-backend_for_badger\simulations\data_worst_day\data_unified_2020_03_ETHUSDT.csv,1584108990756708.5,19505626969.69697,0.007433929293091928,108591282.33639589,6514071834.147142,975281348.4848486,12991555135.549831,0.0,2.2424563191941314,1.0709088323950333
2294,c:\dev\monitor-backend_for_badger\simulations\data_worst_day\data_unified_2020_03_ETHUSDT.csv,1584109047335313.0,19505626969.69697,0.0074080861928491806,108591282.33639589,6514071834.147142,975281348.4848486,12991555135.549831,0.0,2.2502791255085146,1.0709088323950333
2295,c:\dev\monitor-backend_for_badger\simulations\data_worst_day\data_unified_2020_03_ETHUSDT.csv,1584109108480692.0,19505626969.69697,0.0073828639584621065,108591282.33639589,6514071834.147142,975281348.4848486,12991555135.549831,0.0,2.257966801708326,1.0709088323950333
2296,c:\dev\monitor-backend_for_badger\simulations\data_worst_day\data_unified_2020_03_ETHUSDT.csv,1584109170793724.0,19505626969.69697,0.00734666471707166,108591282.33639589,6514071834.147142,975281348.4848486,12991555135.549831,0.0,2.26909248777873,1.0709088323950333
2297,c:\dev\monitor-backend_for_badger\simulations\data_worst_day\data_unified_2020_03_ETHUSDT.csv,1584109225676124.2,19505626969.69697,0.0074122637388796386,108591282.33639589,6514071834.147142,975281348.4848486,12991555135.549831,0.0,2.24901086995807,1.0709088323950333
2298,c:\dev\monitor-backend_for_badger\simulations\data_worst_day\data_unified_2020_03_ETHUSDT.csv,1584109291053241.2,19505626969.69697,0.007413352435327863,108591282.33639589,6514071834.147142,975281348.4848486,12991555135.549831,0.0,2.2486805888649344,1.0709088323950333
2299,c:\dev\monitor-backend_for_badger\simulations\data_worst_day\data_unified_2020_03_ETHUSDT.csv,1584109352229503.0,19505626969.69697,0.007361941808136612,108591282.33639589,6514071834.147142,975281348.4848486,12991555135.549831,0.0,2.264383793595318,1.0709088323950333
2300,c:\dev\monitor-backend_for_badger\simulations\data_worst_day\data_unified_2020_03_ETHUSDT.csv,1584109410787293.0,19505626969.69697,0.007352023339694683,108591282.33639589,6514071834.147142,975281348.4848486,12991555135.549831,0.0,2.26743862872838,1.0709088323950333
2301,c:\dev\monitor-backend_for_badger\simulations\data_worst_day\data_unified_2020_03_ETHUSDT.csv,1584109473509863.0,19505626969.69697,0.007372502027359863,108591282.33639589,6514071834.147142,975281348.4848486,12991555135.549831,0.0,2.2611403371436,1.0709088323950333
2302,c:\dev\monitor-backend_for_badger\simulations\data_worst_day\data_unified_2020_03_ETHUSDT.csv,1584109527917270.0,19505626969.69697,0.007407473283917997,108591282.33639589,6514071834.147142,975281348.4848486,12991555135.549831,0.0,2.2504653180360896,1.0709088323950333
2303,c:\dev\monitor-backend_for_badger\simulations\data_worst_day\data_unified_2020_03_ETHUSDT.csv,1584109585771989.8,19505626969.69697,0.007414573086604215,108591282.33639589,6514071834.147142,975281348.4848486,12991555135.549831,0.0,2.2483103915792855,1.0709088323950333
2304,c:\dev\monitor-backend_for_badger\simulations\data_worst_day\data_unified_2020_03_ETHUSDT.csv,1584109651252943.5,19505626969.69697,0.007410339377135313,108591282.33639589,6514071834.147142,975281348.4848486,12991555135.549831,0.0,2.2495949067019305,1.0709088323950333
2305,c:\dev\monitor-backend_for_badger\simulations\data_worst_day\data_unified_2020_03_ETHUSDT.csv,1584109715418846.8,19505626969.69697,0.00741198486088806,108591282.33639589,6514071834.147142,975281348.4848486,12991555135.549831,0.0,2.249095489617476,1.0709088323950333
2306,c:\dev\monitor-backend_for_badger\simulations\data_worst_day\data_unified_2020_03_ETHUSDT.csv,1584109767395129.5,19505626969.69697,0.007429494041557678,108591282.33639589,6514071834.147142,975281348.4848486,12991555135.549831,0.0,2.243795018407639,1.0709088323950333
2307,c:\dev\monitor-backend_for_badger\simulations\data_worst_day\data_unified_2020_03_ETHUSDT.csv,1584109832727908.0,19505626969.69697,0.00745569513936042,108591282.33639589,6514071834.147142,975281348.4848486,12991555135.549831,0.0,2.235909785491363,1.0709088323950333
2308,c:\dev\monitor-backend_for_badger\simulations\data_worst_day\data_unified_2020_03_ETHUSDT.csv,1584109891179615.8,19505626969.69697,0.007491861185025993,108591282.33639589,6514071834.147142,975281348.4848486,12991555135.549831,0.0,2.225116203842012,1.0709088323950333
2309,c:\dev\monitor-backend_for_badger\simulations\data_worst_day\data_unified_2020_03_ETHUSDT.csv,1584109947089881.0,19505626969.69697,0.007460753094948767,108591282.33639589,6514071834.147142,975281348.4848486,12991555135.549831,0.0,2.234393969024762,1.0709088323950333
2310,c:\dev\monitor-backend_for_badger\simulations\data_worst_day\data_unified_2020_03_ETHUSDT.csv,1584110005709363.2,19505626969.69697,0.007460351121496083,108591282.33639589,6514071834.147142,975281348.4848486,12991555135.549831,0.0,2.234514361087248,1.0709088323950333
2311,c:\dev\monitor-backend_for_badger\simulations\data_worst_day\data_unified_2020_03_ETHUSDT.csv,1584110069001746.8,19505626969.69697,0.0074567201703116676,108591282.33639589,6514071834.147142,975281348.4848486,12991555135.549831,0.0,2.2356024282777383,1.0709088323950333
2312,c:\dev\monitor-backend_for_badger\simulations\data_worst_day\data_unified_2020_03_ETHUSDT.csv,1584110130809110.2,19505626969.69697,0.007481856170470354,108591282.33639589,6514071834.147142,975281348.4848486,12991555135.549831,0.0,2.2280917114567256,1.0709088323950333
2313,c:\dev\monitor-backend_for_badger\simulations\data_worst_day\data_unified_2020_03_ETHUSDT.csv,1584110190045957.5,19505626969.69697,0.007448928634414752,108591282.33639589,6514071834.147142,975281348.4848486,12991555135.549831,0.0,2.2379408553759226,1.0709088323950333
2314,c:\dev\monitor-backend_for_badger\simulations\data_worst_day\data_unified_2020_03_ETHUSDT.csv,1584110247203002.2,19505626969.69697,0.0073999793381801975,108591282.33639589,6514071834.147142,975281348.4848486,12991555135.549831,0.0,2.2527443602073496,1.0709088323950333
2315,c:\dev\monitor-backend_for_badger\simulations\data_worst_day\data_unified_2020_03_ETHUSDT.csv,1584110313394850.5,19505626969.69697,0.007420844447814895,108591282.33639589,6514071834.147142,975281348.4848486,12991555135.549831,0.0,2.246410342780463,1.0709088323950333
2316,c:\dev\monitor-backend_for_badger\simulations\data_worst_day\data_unified_2020_03_ETHUSDT.csv,1584110371808475.5,19505626969.69697,0.007442433723231433,108591282.33639589,6514071834.147142,975281348.4848486,12991555135.549831,0.0,2.239893876071803,1.0709088323950333
2317,c:\dev\monitor-backend_for_badger\simulations\data_worst_day\data_unified_2020_03_ETHUSDT.csv,1584110427808387.0,19505626969.69697,0.0074602762338212,108591282.33639589,6514071834.147142,975281348.4848486,12991555135.549831,0.0,2.2345367915683387,1.0709088323950333
2318,c:\dev\monitor-backend_for_badger\simulations\data_worst_day\data_unified_2020_03_ETHUSDT.csv,1584110489519231.2,19505626969.69697,0.007456114022147844,108591282.33639589,6514071834.147142,975281348.4848486,12991555135.549831,0.0,2.2357841725889056,1.0709088323950333
2319,c:\dev\monitor-backend_for_badger\simulations\data_worst_day\data_unified_2020_03_ETHUSDT.csv,1584110549330243.0,19505626969.69697,0.007463210521874842,108591282.33639589,6514071834.147142,975281348.4848486,12991555135.549831,0.0,2.2336582454528697,1.0709088323950333
2320,c:\dev\monitor-backend_for_badger\simulations\data_worst_day\data_unified_2020_03_ETHUSDT.csv,1584110611573051.0,19505626969.69697,0.007498470974314936,108591282.33639589,6514071834.147142,975281348.4848486,12991555135.549831,0.0,2.2231547974031276,1.0709088323950333
2321,c:\dev\monitor-backend_for_badger\simulations\data_worst_day\data_unified_2020_03_ETHUSDT.csv,1584110670537067.8,19505626969.69697,0.007501613166586232,108591282.33639589,6514071834.147142,975281348.4848486,12991555135.549831,0.0,2.222223587053145,1.0709088323950333
2322,c:\dev\monitor-backend_for_badger\simulations\data_worst_day\data_unified_2020_03_ETHUSDT.csv,1584110728146855.0,19505626969.69697,0.007501813242973636,108591282.33639589,6514071834.147142,975281348.4848486,12991555135.549831,0.0,2.222164319453045,1.0709088323950333
2323,c:\dev\monitor-backend_for_badger\simulations\data_worst_day\data_unified_2020_03_ETHUSDT.csv,1584110792145627.8,19505626969.69697,0.007522736172846848,108591282.33639589,6514071834.147142,975281348.4848486,12991555135.549831,0.0,2.2159838304455364,1.0709088323950333
2324,c:\dev\monitor-backend_for_badger\simulations\data_worst_day\data_unified_2020_03_ETHUSDT.csv,1584110851597024.0,19505626969.69697,0.007583959505658109,108591282.33639589,6514071834.147142,975281348.4848486,12991555135.549831,0.0,2.198094769269179,1.0709088323950333
2325,c:\dev\monitor-backend_for_badger\simulations\data_worst_day\data_unified_2020_03_ETHUSDT.csv,1584110907661064.0,19505626969.69697,0.007550995972707115,108591282.33639589,6514071834.147142,975281348.4848486,12991555135.549831,0.0,2.2076904530197865,1.0709088323950333
2326,c:\dev\monitor-backend_for_badger\simulations\data_worst_day\data_unified_2020_03_ETHUSDT.csv,1584110973360151.0,19505626969.69697,0.007587284069053868,108591282.33639589,6514071834.147142,975281348.4848486,12991555135.549831,0.0,2.1971316175875213,1.0709088323950333
2327,c:\dev\monitor-backend_for_badger\simulations\data_worst_day\data_unified_2020_03_ETHUSDT.csv,1584111028290164.5,19505626969.69697,0.007601940185508641,108591282.33639589,6514071834.147142,975281348.4848486,12991555135.549831,0.0,2.192895670438764,1.0709088323950333
2328,c:\dev\monitor-backend_for_badger\simulations\data_worst_day\data_unified_2020_03_ETHUSDT.csv,1584111088452419.2,19505626969.69697,0.007561177796605135,108591282.33639589,6514071834.147142,975281348.4848486,12991555135.549831,0.0,2.2047175940263,1.0709088323950333
2329,c:\dev\monitor-backend_for_badger\simulations\data_worst_day\data_unified_2020_03_ETHUSDT.csv,1584111149090230.2,19505626969.69697,0.007586170627355159,108591282.33639589,6514071834.147142,975281348.4848486,12991555135.549831,0.0,2.197454096224075,1.0709088323950333
2330,c:\dev\monitor-backend_for_badger\simulations\data_worst_day\data_unified_2020_03_ETHUSDT.csv,1584111209183107.5,19505626969.69697,0.007635920609686577,108591282.33639589,6514071834.147142,975281348.4848486,12991555135.549831,0.0,2.183137118868055,1.0709088323950333
2331,c:\dev\monitor-backend_for_badger\simulations\data_worst_day\data_unified_2020_03_ETHUSDT.csv,1584111270693170.0,19505626969.69697,0.007718314681332988,108591282.33639589,6514071834.147142,975281348.4848486,12991555135.549831,0.0,2.159831829616116,1.0709088323950333
2332,c:\dev\monitor-backend_for_badger\simulations\data_worst_day\data_unified_2020_03_ETHUSDT.csv,1584111307385144.2,19505626969.69697,0.0077445740741196745,108591282.33639589,6514071834.147142,975281348.4848486,12991555135.549831,0.0,2.1525085253486016,1.0709088323950333
2333,c:\dev\monitor-backend_for_badger\simulations\data_worst_day\data_unified_2020_03_ETHUSDT.csv,1584111415078788.8,19505626969.69697,0.007942230594275514,108591282.33639589,6514071834.147142,975281348.4848486,12991555135.549831,0.0,2.098939526101358,1.0709088323950333
2334,c:\dev\monitor-backend_for_badger\simulations\data_worst_day\data_unified_2020_03_ETHUSDT.csv,1584111459149041.2,19505626969.69697,0.007872845353488844,108591282.33639589,6514071834.147142,975281348.4848486,12991555135.549831,0.0,2.1174379746134533,1.0709088323950333
2335,c:\dev\monitor-backend_for_badger\simulations\data_worst_day\data_unified_2020_03_ETHUSDT.csv,1584111498024705.5,19505626969.69697,0.007925560087996933,108591282.33639589,6514071834.147142,975281348.4848486,12991555135.549831,0.0,2.1033544045654335,1.0709088323950333
2336,c:\dev\monitor-backend_for_badger\simulations\data_worst_day\data_unified_2020_03_ETHUSDT.csv,1584111568891649.8,19505626969.69697,0.00790693195929587,108591282.33639589,6514071834.147142,975281348.4848486,12991555135.549831,0.0,2.1083097471374823,1.0709088323950333
2337,c:\dev\monitor-backend_for_badger\simulations\data_worst_day\data_unified_2020_03_ETHUSDT.csv,1584111638789656.5,19505626969.69697,0.007855389969662356,108591282.33639589,6514071834.147142,975281348.4848486,12991555135.549831,0.0,2.122143112451091,1.0709088323950333
2338,c:\dev\monitor-backend_for_badger\simulations\data_worst_day\data_unified_2020_03_ETHUSDT.csv,1584111690489371.2,19505626969.69697,0.007888887077759333,108591282.33639589,6514071834.147142,975281348.4848486,12991555135.549831,0.0,2.11313225242301,1.0709088323950333
2339,c:\dev\monitor-backend_for_badger\simulations\data_worst_day\data_unified_2020_03_ETHUSDT.csv,1584111752151169.0,19505626969.69697,0.007943890212928548,108591282.33639589,6514071834.147142,975281348.4848486,12991555135.549831,0.0,2.0985010206467583,1.0709088323950333
2340,c:\dev\monitor-backend_for_badger\simulations\data_worst_day\data_unified_2020_03_ETHUSDT.csv,1584111810451437.8,19505626969.69697,0.008065735697156858,108591282.33639589,6514071834.147142,975281348.4848486,12991555135.549831,0.0,2.066799898441076,1.0709088323950333
2341,c:\dev\monitor-backend_for_badger\simulations\data_worst_day\data_unified_2020_03_ETHUSDT.csv,1584111840691029.0,19505626969.69697,0.008183180495389172,108591282.33639589,6514071834.147142,975281348.4848486,12991555135.549831,0.0,2.037137238892536,1.0709088323950333
2342,c:\dev\monitor-backend_for_badger\simulations\data_worst_day\data_unified_2020_03_ETHUSDT.csv,1584111941298165.5,19505626969.69697,0.0080896962900576,108591282.33639589,6514071834.147142,975281348.4848486,12991555135.549831,0.0,2.0606783149850068,1.0709088323950333
2343,c:\dev\monitor-backend_for_badger\simulations\data_worst_day\data_unified_2020_03_ETHUSDT.csv,1584111983905171.2,19505626969.69697,0.008097288265502784,108591282.33639589,6514071834.147142,975281348.4848486,12991555135.549831,0.0,2.0587462336937374,1.0709088323950333
2344,c:\dev\monitor-backend_for_badger\simulations\data_worst_day\data_unified_2020_03_ETHUSDT.csv,1584112051328194.5,19505626969.69697,0.008063548213276395,108591282.33639589,6514071834.147142,975281348.4848486,12991555135.549831,0.0,2.067360581076363,1.0709088323950333
2345,c:\dev\monitor-backend_for_badger\simulations\data_worst_day\data_unified_2020_03_ETHUSDT.csv,1584112109729819.8,19505626969.69697,0.00800746386568769,108591282.33639589,6514071834.147142,975281348.4848486,12991555135.549831,0.0,2.0818403928326306,1.0709088323950333
2346,c:\dev\monitor-backend_for_badger\simulations\data_worst_day\data_unified_2020_03_ETHUSDT.csv,1584112155408735.0,19505626969.69697,0.007980306835072785,108591282.33639589,6514071834.147142,975281348.4848486,12991555135.549831,0.0,2.0889249078082988,1.0709088323950333
2347,c:\dev\monitor-backend_for_badger\simulations\data_worst_day\data_unified_2020_03_ETHUSDT.csv,1584112242186388.5,19505626969.69697,0.008004537952149672,108591282.33639589,6514071834.147142,975281348.4848486,12991555135.549831,0.0,2.0826013717955383,1.0709088323950333
2348,c:\dev\monitor-backend_for_badger\simulations\data_worst_day\data_unified_2020_03_ETHUSDT.csv,1584112287615468.8,19505626969.69697,0.008032712444690988,108591282.33639589,6514071834.147142,975281348.4848486,12991555135.549831,0.0,2.075296711356091,1.0709088323950333
2349,c:\dev\monitor-backend_for_badger\simulations\data_worst_day\data_unified_2020_03_ETHUSDT.csv,1584112350083383.5,19505626969.69697,0.00802815404321971,108591282.33639589,6514071834.147142,975281348.4848486,12991555135.549831,0.0,2.0764750688628673,1.0709088323950333
2350,c:\dev\monitor-backend_for_badger\simulations\data_worst_day\data_unified_2020_03_ETHUSDT.csv,1584112409349067.8,19505626969.69697,0.008028737194364883,108591282.33639589,6514071834.147142,975281348.4848486,12991555135.549831,0.0,2.0763242482811224,1.0709088323950333
2351,c:\dev\monitor-backend_for_badger\simulations\data_worst_day\data_unified_2020_03_ETHUSDT.csv,1584112471744724.5,19505626969.69697,0.008040503796542132,108591282.33639589,6514071834.147142,975281348.4848486,12991555135.549831,0.0,2.073285722084418,1.0709088323950333
2352,c:\dev\monitor-backend_for_badger\simulations\data_worst_day\data_unified_2020_03_ETHUSDT.csv,1584112531610587.8,19505626969.69697,0.008071222713041464,108591282.33639589,6514071834.147142,975281348.4848486,12991555135.549831,0.0,2.065394836992985,1.0709088323950333
2353,c:\dev\monitor-backend_for_badger\simulations\data_worst_day\data_unified_2020_03_ETHUSDT.csv,1584112590923871.8,19505626969.69697,0.008124812491130527,108591282.33639589,6514071834.147142,975281348.4848486,12991555135.549831,0.0,2.0517718701735563,1.0709088323950333
2354,c:\dev\monitor-backend_for_badger\simulations\data_worst_day\data_unified_2020_03_ETHUSDT.csv,1584112649722689.8,19505626969.69697,0.008121812872723606,108591282.33639589,6514071834.147142,975281348.4848486,12991555135.549831,0.0,2.0525296483648328,1.0709088323950333
2355,c:\dev\monitor-backend_for_badger\simulations\data_worst_day\data_unified_2020_03_ETHUSDT.csv,1584112709743698.0,19505626969.69697,0.008117888078434488,108591282.33639589,6514071834.147142,975281348.4848486,12991555135.549831,0.0,2.05352199471949,1.0709088323950333
2356,c:\dev\monitor-backend_for_badger\simulations\data_worst_day\data_unified_2020_03_ETHUSDT.csv,1584112769291529.5,19505626969.69697,0.008084745301904308,108591282.33639589,6514071834.147142,975281348.4848486,12991555135.549831,0.0,2.061940246381019,1.0709088323950333
2357,c:\dev\monitor-backend_for_badger\simulations\data_worst_day\data_unified_2020_03_ETHUSDT.csv,1584112831617830.5,19505626969.69697,0.008029885704353408,108591282.33639589,6514071834.147142,975281348.4848486,12991555135.549831,0.0,2.0760272728039655,1.0709088323950333
2358,c:\dev\monitor-backend_for_badger\simulations\data_worst_day\data_unified_2020_03_ETHUSDT.csv,1584112888590357.0,19505626969.69697,0.008030702668109686,108591282.33639589,6514071834.147142,975281348.4848486,12991555135.549831,0.0,2.0758160784528585,1.0709088323950333
2359,c:\dev\monitor-backend_for_badger\simulations\data_worst_day\data_unified_2020_03_ETHUSDT.csv,1584112949420896.8,19505626969.69697,0.008037228396860307,108591282.33639589,6514071834.147142,975281348.4848486,12991555135.549831,0.0,2.0741306451174744,1.0709088323950333
2360,c:\dev\monitor-backend_for_badger\simulations\data_worst_day\data_unified_2020_03_ETHUSDT.csv,1584113010514858.2,19505626969.69697,0.00807172789934679,108591282.33639589,6514071834.147142,975281348.4848486,12991555135.549831,0.0,2.0652655698522002,1.0709088323950333
2361,c:\dev\monitor-backend_for_badger\simulations\data_worst_day\data_unified_2020_03_ETHUSDT.csv,1584113069686135.2,19505626969.69697,0.008066989427115713,108591282.33639589,6514071834.147142,975281348.4848486,12991555135.549831,0.0,2.0664786870430634,1.0709088323950333
2362,c:\dev\monitor-backend_for_badger\simulations\data_worst_day\data_unified_2020_03_ETHUSDT.csv,1584113130588173.8,19505626969.69697,0.008069860163638146,108591282.33639589,6514071834.147142,975281348.4848486,12991555135.549831,0.0,2.06574356701379,1.0709088323950333
2363,c:\dev\monitor-backend_for_badger\simulations\data_worst_day\data_unified_2020_03_ETHUSDT.csv,1584113190597422.8,19505626969.69697,0.008057125579194134,108591282.33639589,6514071834.147142,975281348.4848486,12991555135.549831,0.0,2.069008550987944,1.0709088323950333
2364,c:\dev\monitor-backend_for_badger\simulations\data_worst_day\data_unified_2020_03_ETHUSDT.csv,1584113250678673.5,19505626969.69697,0.008079010290867038,108591282.33639589,6514071834.147142,975281348.4848486,12991555135.549831,0.0,2.0634039467162637,1.0709088323950333
2365,c:\dev\monitor-backend_for_badger\simulations\data_worst_day\data_unified_2020_03_ETHUSDT.csv,1584113310396530.5,19505626969.69697,0.008144187352645004,108591282.33639589,6514071834.147142,975281348.4848486,12991555135.549831,0.0,2.046890745253094,1.0709088323950333
2366,c:\dev\monitor-backend_for_badger\simulations\data_worst_day\data_unified_2020_03_ETHUSDT.csv,1584113371200782.2,19505626969.69697,0.008182606549896655,108591282.33639589,6514071834.147142,975281348.4848486,12991555135.549831,0.0,2.0372801280475716,1.0709088323950333
2367,c:\dev\monitor-backend_for_badger\simulations\data_worst_day\data_unified_2020_03_ETHUSDT.csv,1584113426707882.0,19505626969.69697,0.008223588352320161,108591282.33639589,6514071834.147142,975281348.4848486,12991555135.549831,0.0,2.02712745404299,1.0709088323950333
2368,c:\dev\monitor-backend_for_badger\simulations\data_worst_day\data_unified_2020_03_ETHUSDT.csv,1584113569851607.8,19505626969.69697,0.00845985782818453,108591282.33639589,6514071834.147142,975281348.4848486,12991555135.549831,0.0,1.9705132235435876,1.0709088323950333
2369,c:\dev\monitor-backend_for_badger\simulations\data_worst_day\data_unified_2020_03_ETHUSDT.csv,1584113622051849.0,19505626969.69697,0.008571045456577005,108591282.33639589,6514071834.147142,975281348.4848486,12991555135.549831,0.0,1.9449508002485745,1.0709088323950333
2370,c:\dev\monitor-backend_for_badger\simulations\data_worst_day\data_unified_2020_03_ETHUSDT.csv,1584113665245422.5,19505626969.69697,0.008475038896177435,108591282.33639589,6514071834.147142,975281348.4848486,12991555135.549831,0.0,1.9669835057931446,1.0709088323950333
2371,c:\dev\monitor-backend_for_badger\simulations\data_worst_day\data_unified_2020_03_ETHUSDT.csv,1584113740510230.0,19505626969.69697,0.008385158577838055,108591282.33639589,6514071834.147142,975281348.4848486,12991555135.549831,0.0,1.9880675559071472,1.0709088323950333
2372,c:\dev\monitor-backend_for_badger\simulations\data_worst_day\data_unified_2020_03_ETHUSDT.csv,1584113791626084.8,19505626969.69697,0.008415840788875093,108591282.33639589,6514071834.147142,975281348.4848486,12991555135.549831,0.0,1.9808195209411268,1.0709088323950333
2373,c:\dev\monitor-backend_for_badger\simulations\data_worst_day\data_unified_2020_03_ETHUSDT.csv,1584113848579174.8,19505626969.69697,0.0084142003295691,108591282.33639589,6514071834.147142,975281348.4848486,12991555135.549831,0.0,1.9812057078263143,1.0709088323950333
2374,c:\dev\monitor-backend_for_badger\simulations\data_worst_day\data_unified_2020_03_ETHUSDT.csv,1584113910203943.5,19505626969.69697,0.00836909876029554,108591282.33639589,6514071834.147142,975281348.4848486,12991555135.549831,0.0,1.9918825428160767,1.0709088323950333
2375,c:\dev\monitor-backend_for_badger\simulations\data_worst_day\data_unified_2020_03_ETHUSDT.csv,1584113969608177.2,19505626969.69697,0.00842418237151368,108591282.33639589,6514071834.147142,975281348.4848486,12991555135.549831,0.0,1.9788581235024947,1.0709088323950333
2376,c:\dev\monitor-backend_for_badger\simulations\data_worst_day\data_unified_2020_03_ETHUSDT.csv,1584114028764481.8,19505626969.69697,0.00841614162228432,108591282.33639589,6514071834.147142,975281348.4848486,12991555135.549831,0.0,1.9807487169175857,1.0709088323950333
2377,c:\dev\monitor-backend_for_badger\simulations\data_worst_day\data_unified_2020_03_ETHUSDT.csv,1584114088526167.0,19505626969.69697,0.008446410107337286,108591282.33639589,6514071834.147142,975281348.4848486,12991555135.549831,0.0,1.9736505222798872,1.0709088323950333
2378,c:\dev\monitor-backend_for_badger\simulations\data_worst_day\data_unified_2020_03_ETHUSDT.csv,1584114150108301.5,19505626969.69697,0.00851109305642651,108591282.33639589,6514071834.147142,975281348.4848486,12991555135.549831,0.0,1.958651093251655,1.0709088323950333
2379,c:\dev\monitor-backend_for_badger\simulations\data_worst_day\data_unified_2020_03_ETHUSDT.csv,1584114209363372.2,19505626969.69697,0.008599938974257516,108591282.33639589,6514071834.147142,975281348.4848486,12991555135.549831,0.0,1.9384162805847813,1.0709088323950333
2380,c:\dev\monitor-backend_for_badger\simulations\data_worst_day\data_unified_2020_03_ETHUSDT.csv,1584114250821982.2,19505626969.69697,0.008545319568247611,108591282.33639589,6514071834.147142,975281348.4848486,12991555135.549831,0.0,1.9508061210114493,1.0709088323950333
2381,c:\dev\monitor-backend_for_badger\simulations\data_worst_day\data_unified_2020_03_ETHUSDT.csv,1584114393188109.5,19505626969.69697,0.008571409941062105,108591282.33639589,6514071834.147142,975281348.4848486,12991555135.549831,0.0,1.9448680945565298,1.0709088323950333
2382,c:\dev\monitor-backend_for_badger\simulations\data_worst_day\data_unified_2020_03_ETHUSDT.csv,1584114448245845.8,19505626969.69697,0.008559243655607496,108591282.33639589,6514071834.147142,975281348.4848486,12991555135.549831,0.0,1.9476325701763393,1.0709088323950333
2383,c:\dev\monitor-backend_for_badger\simulations\data_worst_day\data_unified_2020_03_ETHUSDT.csv,1584114510788347.2,19505626969.69697,0.008474731155094123,108591282.33639589,6514071834.147142,975281348.4848486,12991555135.549831,0.0,1.9670549324406514,1.0709088323950333
2384,c:\dev\monitor-backend_for_badger\simulations\data_worst_day\data_unified_2020_03_ETHUSDT.csv,1584114573492309.0,19505626969.69697,0.008457359049361533,108591282.33639589,6514071834.147142,975281348.4848486,12991555135.549831,0.0,1.9710954238125709,1.0709088323950333
2385,c:\dev\monitor-backend_for_badger\simulations\data_worst_day\data_unified_2020_03_ETHUSDT.csv,1584114627668316.5,19505626969.69697,0.008475215030815953,108591282.33639589,6514071834.147142,975281348.4848486,12991555135.549831,0.0,1.9669426273107105,1.0709088323950333
2386,c:\dev\monitor-backend_for_badger\simulations\data_worst_day\data_unified_2020_03_ETHUSDT.csv,1584114689473514.8,19505626969.69697,0.008355135930192764,108591282.33639589,6514071834.147142,975281348.4848486,12991555135.549831,0.0,1.9952113118226371,1.0709088323950333
2387,c:\dev\monitor-backend_for_badger\simulations\data_worst_day\data_unified_2020_03_ETHUSDT.csv,1584114735815193.8,19505626969.69697,0.008377952051735906,108591282.33639589,6514071834.147142,975281348.4848486,12991555135.549831,0.0,1.98977764694682,1.0709088323950333
2388,c:\dev\monitor-backend_for_badger\simulations\data_worst_day\data_unified_2020_03_ETHUSDT.csv,1584114878664629.2,19505626969.69697,0.008103358804358134,108591282.33639589,6514071834.147142,975281348.4848486,12991555135.549831,0.0,2.057203947426194,1.0709088323950333
2389,c:\dev\monitor-backend_for_badger\simulations\data_worst_day\data_unified_2020_03_ETHUSDT.csv,1584114921615795.2,19505626969.69697,0.00796064833521001,108591282.33639589,6514071834.147142,975281348.4848486,12991555135.549831,0.0,2.094083423582933,1.0709088323950333
2390,c:\dev\monitor-backend_for_badger\simulations\data_worst_day\data_unified_2020_03_ETHUSDT.csv,1584115013475767.2,19505626969.69697,0.008124003370374331,108591282.33639589,6514071834.147142,975281348.4848486,12991555135.549831,0.0,2.0519762190803026,1.0709088323950333
2391,c:\dev\monitor-backend_for_badger\simulations\data_worst_day\data_unified_2020_03_ETHUSDT.csv,1584115048010990.5,19505626969.69697,0.008125070181132591,108591282.33639589,6514071834.147142,975281348.4848486,12991555135.549831,0.0,2.051706797369793,1.0709088323950333
2392,c:\dev\monitor-backend_for_badger\simulations\data_worst_day\data_unified_2020_03_ETHUSDT.csv,1584115110579632.8,19505626969.69697,0.008085048961388208,108591282.33639589,6514071834.147142,975281348.4848486,12991555135.549831,0.0,2.06186280371938,1.0709088323950333
2393,c:\dev\monitor-backend_for_badger\simulations\data_worst_day\data_unified_2020_03_ETHUSDT.csv,1584115165625747.2,19505626969.69697,0.008055165152994386,108591282.33639589,6514071834.147142,975281348.4848486,12991555135.549831,0.0,2.0695120960418096,1.0709088323950333
2394,c:\dev\monitor-backend_for_badger\simulations\data_worst_day\data_unified_2020_03_ETHUSDT.csv,1584115229972330.8,19505626969.69697,0.008125082586320252,108591282.33639589,6514071834.147142,975281348.4848486,12991555135.549831,0.0,2.051703664871437,1.0709088323950333
2395,c:\dev\monitor-backend_for_badger\simulations\data_worst_day\data_unified_2020_03_ETHUSDT.csv,1584115287422810.5,19505626969.69697,0.008045860446705584,108591282.33639589,6514071834.147142,975281348.4848486,12991555135.549831,0.0,2.071905401561131,1.0709088323950333
2396,c:\dev\monitor-backend_for_badger\simulations\data_worst_day\data_unified_2020_03_ETHUSDT.csv,1584115350456082.0,19505626969.69697,0.008152481841917128,108591282.33639589,6514071834.147142,975281348.4848486,12991555135.549831,0.0,2.044808199881399,1.0709088323950333
2397,c:\dev\monitor-backend_for_badger\simulations\data_worst_day\data_unified_2020_03_ETHUSDT.csv,1584115410975218.0,19505626969.69697,0.008314433091561175,108591282.33639589,6514071834.147142,975281348.4848486,12991555135.549831,0.0,2.0049787563575463,1.0709088323950333
2398,c:\dev\monitor-backend_for_badger\simulations\data_worst_day\data_unified_2020_03_ETHUSDT.csv,1584115471217499.5,19505626969.69697,0.00830478481921894,108591282.33639589,6514071834.147142,975281348.4848486,12991555135.549831,0.0,2.0073080859552217,1.0709088323950333
2399,c:\dev\monitor-backend_for_badger\simulations\data_worst_day\data_unified_2020_03_ETHUSDT.csv,1584115529944600.2,19505626969.69697,0.008228478954559597,108591282.33639589,6514071834.147142,975281348.4848486,12991555135.549831,0.0,2.0259226294185226,1.0709088323950333
2400,c:\dev\monitor-backend_for_badger\simulations\data_worst_day\data_unified_2020_03_ETHUSDT.csv,1584115591374600.8,19505626969.69697,0.008284028006866517,108591282.33639589,6514071834.147142,975281348.4848486,12991555135.549831,0.0,2.012337682335043,1.0709088323950333
2401,c:\dev\monitor-backend_for_badger\simulations\data_worst_day\data_unified_2020_03_ETHUSDT.csv,1584115647093183.5,19505626969.69697,0.00830587005064311,108591282.33639589,6514071834.147142,975281348.4848486,12991555135.549831,0.0,2.0070458143569927,1.0709088323950333
2402,c:\dev\monitor-backend_for_badger\simulations\data_worst_day\data_unified_2020_03_ETHUSDT.csv,1584115712713829.0,19505626969.69697,0.008237646044555957,108591282.33639589,6514071834.147142,975281348.4848486,12991555135.549831,0.0,2.023668124312441,1.0709088323950333
2403,c:\dev\monitor-backend_for_badger\simulations\data_worst_day\data_unified_2020_03_ETHUSDT.csv,1584115771555814.0,19505626969.69697,0.008185239934982465,108591282.33639589,6514071834.147142,975281348.4848486,12991555135.549831,0.0,2.036624686894052,1.0709088323950333
2404,c:\dev\monitor-backend_for_badger\simulations\data_worst_day\data_unified_2020_03_ETHUSDT.csv,1584115830413160.8,19505626969.69697,0.008184568682806809,108591282.33639589,6514071834.147142,975281348.4848486,12991555135.549831,0.0,2.0367917193676077,1.0709088323950333
2405,c:\dev\monitor-backend_for_badger\simulations\data_worst_day\data_unified_2020_03_ETHUSDT.csv,1584115891053663.5,19505626969.69697,0.008108486384249703,108591282.33639589,6514071834.147142,975281348.4848486,12991555135.549831,0.0,2.0559030292160863,1.0709088323950333
2406,c:\dev\monitor-backend_for_badger\simulations\data_worst_day\data_unified_2020_03_ETHUSDT.csv,1584115946329027.8,19505626969.69697,0.008112588598417942,108591282.33639589,6514071834.147142,975281348.4848486,12991555135.549831,0.0,2.0548634406269866,1.0709088323950333
2407,c:\dev\monitor-backend_for_badger\simulations\data_worst_day\data_unified_2020_03_ETHUSDT.csv,1584116009823762.8,19505626969.69697,0.008137570592193676,108591282.33639589,6514071834.147142,975281348.4848486,12991555135.549831,0.0,2.0485550977251172,1.0709088323950333
2408,c:\dev\monitor-backend_for_badger\simulations\data_worst_day\data_unified_2020_03_ETHUSDT.csv,1584116070778772.8,19505626969.69697,0.008171834538688664,108591282.33639589,6514071834.147142,975281348.4848486,12991555135.549831,0.0,2.0399656455123765,1.0709088323950333
2409,c:\dev\monitor-backend_for_badger\simulations\data_worst_day\data_unified_2020_03_ETHUSDT.csv,1584116132790544.0,19505626969.69697,0.008127773640045523,108591282.33639589,6514071834.147142,975281348.4848486,12991555135.549831,0.0,2.051024358946466,1.0709088323950333
2410,c:\dev\monitor-backend_for_badger\simulations\data_worst_day\data_unified_2020_03_ETHUSDT.csv,1584116189594843.5,19505626969.69697,0.008099609693985533,108591282.33639589,6514071834.147142,975281348.4848486,12991555135.549831,0.0,2.0581561766013325,1.0709088323950333
2411,c:\dev\monitor-backend_for_badger\simulations\data_worst_day\data_unified_2020_03_ETHUSDT.csv,1584116250840554.2,19505626969.69697,0.008098152278885969,108591282.33639589,6514071834.147142,975281348.4848486,12991555135.549831,0.0,2.0585265805880373,1.0709088323950333
2412,c:\dev\monitor-backend_for_badger\simulations\data_worst_day\data_unified_2020_03_ETHUSDT.csv,1584116308272088.0,19505626969.69697,0.008070778124978858,108591282.33639589,6514071834.147142,975281348.4848486,12991555135.549831,0.0,2.0655086116346464,1.0709088323950333
2413,c:\dev\monitor-backend_for_badger\simulations\data_worst_day\data_unified_2020_03_ETHUSDT.csv,1584116369764868.0,19505626969.69697,0.008049235122765007,108591282.33639589,6514071834.147142,975281348.4848486,12991555135.549831,0.0,2.071036746409505,1.0709088323950333
2414,c:\dev\monitor-backend_for_badger\simulations\data_worst_day\data_unified_2020_03_ETHUSDT.csv,1584116428343349.2,19505626969.69697,0.008025550882271063,108591282.33639589,6514071834.147142,975281348.4848486,12991555135.549831,0.0,2.0771485925735007,1.0709088323950333
2415,c:\dev\monitor-backend_for_badger\simulations\data_worst_day\data_unified_2020_03_ETHUSDT.csv,1584116492545866.0,19505626969.69697,0.008008074399862928,108591282.33639589,6514071834.147142,975281348.4848486,12991555135.549831,0.0,2.0816816736894572,1.0709088323950333
2416,c:\dev\monitor-backend_for_badger\simulations\data_worst_day\data_unified_2020_03_ETHUSDT.csv,1584116551447541.5,19505626969.69697,0.00800598327264205,108591282.33639589,6514071834.147142,975281348.4848486,12991555135.549831,0.0,2.0822253996834807,1.0709088323950333
2417,c:\dev\monitor-backend_for_badger\simulations\data_worst_day\data_unified_2020_03_ETHUSDT.csv,1584116609922621.8,19505626969.69697,0.00808461476554093,108591282.33639589,6514071834.147142,975281348.4848486,12991555135.549831,0.0,2.0619735390225453,1.0709088323950333
2418,c:\dev\monitor-backend_for_badger\simulations\data_worst_day\data_unified_2020_03_ETHUSDT.csv,1584116669501048.2,19505626969.69697,0.008063273497360246,108591282.33639589,6514071834.147142,975281348.4848486,12991555135.549831,0.0,2.0674310160995857,1.0709088323950333
2419,c:\dev\monitor-backend_for_badger\simulations\data_worst_day\data_unified_2020_03_ETHUSDT.csv,1584116731108634.8,19505626969.69697,0.008086387340099277,108591282.33639589,6514071834.147142,975281348.4848486,12991555135.549831,0.0,2.0615215446174378,1.0709088323950333
2420,c:\dev\monitor-backend_for_badger\simulations\data_worst_day\data_unified_2020_03_ETHUSDT.csv,1584116788974154.2,19505626969.69697,0.008119053158893623,108591282.33639589,6514071834.147142,975281348.4848486,12991555135.549831,0.0,2.053227315241276,1.0709088323950333
2421,c:\dev\monitor-backend_for_badger\simulations\data_worst_day\data_unified_2020_03_ETHUSDT.csv,1584116849895241.8,19505626969.69697,0.008079663554108666,108591282.33639589,6514071834.147142,975281348.4848486,12991555135.549831,0.0,2.063237114775553,1.0709088323950333
2422,c:\dev\monitor-backend_for_badger\simulations\data_worst_day\data_unified_2020_03_ETHUSDT.csv,1584116908525433.5,19505626969.69697,0.008049211432957561,108591282.33639589,6514071834.147142,975281348.4848486,12991555135.549831,0.0,2.0710428417223374,1.0709088323950333
2423,c:\dev\monitor-backend_for_badger\simulations\data_worst_day\data_unified_2020_03_ETHUSDT.csv,1584116969791070.8,19505626969.69697,0.008045018603852814,108591282.33639589,6514071834.147142,975281348.4848486,12991555135.549831,0.0,2.0721222088601325,1.0709088323950333
2424,c:\dev\monitor-backend_for_badger\simulations\data_worst_day\data_unified_2020_03_ETHUSDT.csv,1584117029784394.2,19505626969.69697,0.008045220088154014,108591282.33639589,6514071834.147142,975281348.4848486,12991555135.549831,0.0,2.0720703146806474,1.0709088323950333
2425,c:\dev\monitor-backend_for_badger\simulations\data_worst_day\data_unified_2020_03_ETHUSDT.csv,1584117089174923.5,19505626969.69697,0.008015968084440217,108591282.33639589,6514071834.147142,975281348.4848486,12991555135.549831,0.0,2.079631748047372,1.0709088323950333
2426,c:\dev\monitor-backend_for_badger\simulations\data_worst_day\data_unified_2020_03_ETHUSDT.csv,1584117149805958.0,19505626969.69697,0.007978536494213843,108591282.33639589,6514071834.147142,975281348.4848486,12991555135.549831,0.0,2.0893884150089286,1.0709088323950333
2427,c:\dev\monitor-backend_for_badger\simulations\data_worst_day\data_unified_2020_03_ETHUSDT.csv,1584117211917685.2,19505626969.69697,0.007894925263077349,108591282.33639589,6514071834.147142,975281348.4848486,12991555135.549831,0.0,2.1115160896708076,1.0709088323950333
2428,c:\dev\monitor-backend_for_badger\simulations\data_worst_day\data_unified_2020_03_ETHUSDT.csv,1584117267688779.0,19505626969.69697,0.007887804760944469,108591282.33639589,6514071834.147142,975281348.4848486,12991555135.549831,0.0,2.113422203637339,1.0709088323950333
2429,c:\dev\monitor-backend_for_badger\simulations\data_worst_day\data_unified_2020_03_ETHUSDT.csv,1584117329399628.2,19505626969.69697,0.007896283393674125,108591282.33639589,6514071834.147142,975281348.4848486,12991555135.549831,0.0,2.1111529169648655,1.0709088323950333
2430,c:\dev\monitor-backend_for_badger\simulations\data_worst_day\data_unified_2020_03_ETHUSDT.csv,1584117387002432.0,19505626969.69697,0.007905108657168865,108591282.33639589,6514071834.147142,975281348.4848486,12991555135.549831,0.0,2.108796025797657,1.0709088323950333
2431,c:\dev\monitor-backend_for_badger\simulations\data_worst_day\data_unified_2020_03_ETHUSDT.csv,1584117449763199.5,19505626969.69697,0.007894517764370668,108591282.33639589,6514071834.147142,975281348.4848486,12991555135.549831,0.0,2.111625081771574,1.0709088323950333
2432,c:\dev\monitor-backend_for_badger\simulations\data_worst_day\data_unified_2020_03_ETHUSDT.csv,1584117509866309.8,19505626969.69697,0.007908819656557452,108591282.33639589,6514071834.147142,975281348.4848486,12991555135.549831,0.0,2.1078065303859237,1.0709088323950333
2433,c:\dev\monitor-backend_for_badger\simulations\data_worst_day\data_unified_2020_03_ETHUSDT.csv,1584117566771428.2,19505626969.69697,0.007912166628414515,108591282.33639589,6514071834.147142,975281348.4848486,12991555135.549831,0.0,2.1069148948240537,1.0709088323950333
2434,c:\dev\monitor-backend_for_badger\simulations\data_worst_day\data_unified_2020_03_ETHUSDT.csv,1584117628502394.2,19505626969.69697,0.007909213703435348,108591282.33639589,6514071834.147142,975281348.4848486,12991555135.549831,0.0,2.107701516839236,1.0709088323950333
2435,c:\dev\monitor-backend_for_badger\simulations\data_worst_day\data_unified_2020_03_ETHUSDT.csv,1584117698128176.5,19505626969.69697,0.007842579016215203,108591282.33639589,6514071834.147142,975281348.4848486,12991555135.549831,0.0,2.1256096604534247,1.0709088323950333
2436,c:\dev\monitor-backend_for_badger\simulations\data_worst_day\data_unified_2020_03_ETHUSDT.csv,1584117750839978.8,19505626969.69697,0.007812951363667976,108591282.33639589,6514071834.147142,975281348.4848486,12991555135.549831,0.0,2.1336702282900304,1.0709088323950333
2437,c:\dev\monitor-backend_for_badger\simulations\data_worst_day\data_unified_2020_03_ETHUSDT.csv,1584117810903700.5,19505626969.69697,0.007853330431009992,108591282.33639589,6514071834.147142,975281348.4848486,12991555135.549831,0.0,2.1226996452245857,1.0709088323950333
2438,c:\dev\monitor-backend_for_badger\simulations\data_worst_day\data_unified_2020_03_ETHUSDT.csv,1584117871910313.0,19505626969.69697,0.0078293671062396,108591282.33639589,6514071834.147142,975281348.4848486,12991555135.549831,0.0,2.129196586841741,1.0709088323950333
2439,c:\dev\monitor-backend_for_badger\simulations\data_worst_day\data_unified_2020_03_ETHUSDT.csv,1584117929914176.8,19505626969.69697,0.007817634843427892,108591282.33639589,6514071834.147142,975281348.4848486,12991555135.549831,0.0,2.132391964271734,1.0709088323950333
2440,c:\dev\monitor-backend_for_badger\simulations\data_worst_day\data_unified_2020_03_ETHUSDT.csv,1584117988434880.8,19505626969.69697,0.007869146805064203,108591282.33639589,6514071834.147142,975281348.4848486,12991555135.549831,0.0,2.11843318376119,1.0709088323950333
2441,c:\dev\monitor-backend_for_badger\simulations\data_worst_day\data_unified_2020_03_ETHUSDT.csv,1584118048624642.2,19505626969.69697,0.007932457622341972,108591282.33639589,6514071834.147142,975281348.4848486,12991555135.549831,0.0,2.1015254683219653,1.0709088323950333
2442,c:\dev\monitor-backend_for_badger\simulations\data_worst_day\data_unified_2020_03_ETHUSDT.csv,1584118110515937.0,19505626969.69697,0.007984437525574189,108591282.33639589,6514071834.147142,975281348.4848486,12991555135.549831,0.0,2.087844217747516,1.0709088323950333
2443,c:\dev\monitor-backend_for_badger\simulations\data_worst_day\data_unified_2020_03_ETHUSDT.csv,1584118168558898.8,19505626969.69697,0.007995661422733705,108591282.33639589,6514071834.147142,975281348.4848486,12991555135.549831,0.0,2.084913409707238,1.0709088323950333
2444,c:\dev\monitor-backend_for_badger\simulations\data_worst_day\data_unified_2020_03_ETHUSDT.csv,1584118230654390.5,19505626969.69697,0.007982865906741672,108591282.33639589,6514071834.147142,975281348.4848486,12991555135.549831,0.0,2.0882552600135775,1.0709088323950333
2445,c:\dev\monitor-backend_for_badger\simulations\data_worst_day\data_unified_2020_03_ETHUSDT.csv,1584118289994794.5,19505626969.69697,0.008003209521029803,108591282.33639589,6514071834.147142,975281348.4848486,12991555135.549831,0.0,2.0829470571690503,1.0709088323950333
2446,c:\dev\monitor-backend_for_badger\simulations\data_worst_day\data_unified_2020_03_ETHUSDT.csv,1584118348851579.0,19505626969.69697,0.008069354053963194,108591282.33639589,6514071834.147142,975281348.4848486,12991555135.549831,0.0,2.0658731303962177,1.0709088323950333
2447,c:\dev\monitor-backend_for_badger\simulations\data_worst_day\data_unified_2020_03_ETHUSDT.csv,1584118406693135.5,19505626969.69697,0.008114110071605313,108591282.33639589,6514071834.147142,975281348.4848486,12991555135.549831,0.0,2.054478134092933,1.0709088323950333
2448,c:\dev\monitor-backend_for_badger\simulations\data_worst_day\data_unified_2020_03_ETHUSDT.csv,1584118470589686.8,19505626969.69697,0.008121062437345717,108591282.33639589,6514071834.147142,975281348.4848486,12991555135.549831,0.0,2.0527193145414175,1.0709088323950333
2449,c:\dev\monitor-backend_for_badger\simulations\data_worst_day\data_unified_2020_03_ETHUSDT.csv,1584118531143524.5,19505626969.69697,0.008141018121013916,108591282.33639589,6514071834.147142,975281348.4848486,12991555135.549831,0.0,2.0476875830439956,1.0709088323950333
2450,c:\dev\monitor-backend_for_badger\simulations\data_worst_day\data_unified_2020_03_ETHUSDT.csv,1584118587478363.8,19505626969.69697,0.00810969743796469,108591282.33639589,6514071834.147142,975281348.4848486,12991555135.549831,0.0,2.0555960129531208,1.0709088323950333
2451,c:\dev\monitor-backend_for_badger\simulations\data_worst_day\data_unified_2020_03_ETHUSDT.csv,1584118648441847.5,19505626969.69697,0.008113137522629555,108591282.33639589,6514071834.147142,975281348.4848486,12991555135.549831,0.0,2.0547244112698513,1.0709088323950333
2452,c:\dev\monitor-backend_for_badger\simulations\data_worst_day\data_unified_2020_03_ETHUSDT.csv,1584118706700790.5,19505626969.69697,0.008080189544314775,108591282.33639589,6514071834.147142,975281348.4848486,12991555135.549831,0.0,2.0631028057337537,1.0709088323950333
2453,c:\dev\monitor-backend_for_badger\simulations\data_worst_day\data_unified_2020_03_ETHUSDT.csv,1584118770747206.8,19505626969.69697,0.008105072574473137,108591282.33639589,6514071834.147142,975281348.4848486,12991555135.549831,0.0,2.0567689637029547,1.0709088323950333
2454,c:\dev\monitor-backend_for_badger\simulations\data_worst_day\data_unified_2020_03_ETHUSDT.csv,1584118828628162.2,19505626969.69697,0.008128061636981336,108591282.33639589,6514071834.147142,975281348.4848486,12991555135.549831,0.0,2.0509516861793244,1.0709088323950333
2455,c:\dev\monitor-backend_for_badger\simulations\data_worst_day\data_unified_2020_03_ETHUSDT.csv,1584118890678291.2,19505626969.69697,0.008167429490628585,108591282.33639589,6514071834.147142,975281348.4848486,12991555135.549831,0.0,2.041065887237108,1.0709088323950333
2456,c:\dev\monitor-backend_for_badger\simulations\data_worst_day\data_unified_2020_03_ETHUSDT.csv,1584118952215016.0,19505626969.69697,0.00823967524234828,108591282.33639589,6514071834.147142,975281348.4848486,12991555135.549831,0.0,2.0231697523779326,1.0709088323950333
2457,c:\dev\monitor-backend_for_badger\simulations\data_worst_day\data_unified_2020_03_ETHUSDT.csv,1584119010792924.5,19505626969.69697,0.008214481330256776,108591282.33639589,6514071834.147142,975281348.4848486,12991555135.549831,0.0,2.0293748381086476,1.0709088323950333
2458,c:\dev\monitor-backend_for_badger\simulations\data_worst_day\data_unified_2020_03_ETHUSDT.csv,1584119069490901.0,19505626969.69697,0.008179571930529568,108591282.33639589,6514071834.147142,975281348.4848486,12991555135.549831,0.0,2.038035958521985,1.0709088323950333
2459,c:\dev\monitor-backend_for_badger\simulations\data_worst_day\data_unified_2020_03_ETHUSDT.csv,1584119132778329.8,19505626969.69697,0.008111944915666375,108591282.33639589,6514071834.147142,975281348.4848486,12991555135.549831,0.0,2.0550264940213703,1.0709088323950333
2460,c:\dev\monitor-backend_for_badger\simulations\data_worst_day\data_unified_2020_03_ETHUSDT.csv,1584119190681264.5,19505626969.69697,0.008082631177266958,108591282.33639589,6514071834.147142,975281348.4848486,12991555135.549831,0.0,2.062479575540053,1.0709088323950333
2461,c:\dev\monitor-backend_for_badger\simulations\data_worst_day\data_unified_2020_03_ETHUSDT.csv,1584119252463923.5,19505626969.69697,0.008071782065495133,108591282.33639589,6514071834.147142,975281348.4848486,12991555135.549831,0.0,2.06525171077123,1.0709088323950333
2462,c:\dev\monitor-backend_for_badger\simulations\data_worst_day\data_unified_2020_03_ETHUSDT.csv,1584119308875268.2,19505626969.69697,0.008030331835910376,108591282.33639589,6514071834.147142,975281348.4848486,12991555135.549831,0.0,2.075911937435708,1.0709088323950333
2463,c:\dev\monitor-backend_for_badger\simulations\data_worst_day\data_unified_2020_03_ETHUSDT.csv,1584119372284719.2,19505626969.69697,0.008030949959551021,108591282.33639589,6514071834.147142,975281348.4848486,12991555135.549831,0.0,2.0757521592960244,1.0709088323950333
2464,c:\dev\monitor-backend_for_badger\simulations\data_worst_day\data_unified_2020_03_ETHUSDT.csv,1584119429765708.8,19505626969.69697,0.008055560538189609,108591282.33639589,6514071834.147142,975281348.4848486,12991555135.549831,0.0,2.0694105196908863,1.0709088323950333
2465,c:\dev\monitor-backend_for_badger\simulations\data_worst_day\data_unified_2020_03_ETHUSDT.csv,1584119486206994.2,19505626969.69697,0.008059267678904195,108591282.33639589,6514071834.147142,975281348.4848486,12991555135.549831,0.0,2.0684586222855152,1.0709088323950333
2466,c:\dev\monitor-backend_for_badger\simulations\data_worst_day\data_unified_2020_03_ETHUSDT.csv,1584119552653624.5,19505626969.69697,0.008103318655164086,108591282.33639589,6514071834.147142,975281348.4848486,12991555135.549831,0.0,2.057214140173634,1.0709088323950333
2467,c:\dev\monitor-backend_for_badger\simulations\data_worst_day\data_unified_2020_03_ETHUSDT.csv,1584119610230902.5,19505626969.69697,0.008117797992432873,108591282.33639589,6514071834.147142,975281348.4848486,12991555135.549831,0.0,2.0535447833606835,1.0709088323950333
2468,c:\dev\monitor-backend_for_badger\simulations\data_worst_day\data_unified_2020_03_ETHUSDT.csv,1584119667641502.5,19505626969.69697,0.0081344400071816,108591282.33639589,6514071834.147142,975281348.4848486,12991555135.549831,0.0,2.0493434956824057,1.0709088323950333
2469,c:\dev\monitor-backend_for_badger\simulations\data_worst_day\data_unified_2020_03_ETHUSDT.csv,1584119732515562.2,19505626969.69697,0.008116586406496354,108591282.33639589,6514071834.147142,975281348.4848486,12991555135.549831,0.0,2.0538513218307894,1.0709088323950333
2470,c:\dev\monitor-backend_for_badger\simulations\data_worst_day\data_unified_2020_03_ETHUSDT.csv,1584119792959548.5,19505626969.69697,0.008128004570085482,108591282.33639589,6514071834.147142,975281348.4848486,12991555135.549831,0.0,2.0509660859554653,1.0709088323950333
2471,c:\dev\monitor-backend_for_badger\simulations\data_worst_day\data_unified_2020_03_ETHUSDT.csv,1584119850827482.2,19505626969.69697,0.008132712453302762,108591282.33639589,6514071834.147142,975281348.4848486,12991555135.549831,0.0,2.0497788180087966,1.0709088323950333
2472,c:\dev\monitor-backend_for_badger\simulations\data_worst_day\data_unified_2020_03_ETHUSDT.csv,1584119911085716.5,19505626969.69697,0.008167099825697332,108591282.33639589,6514071834.147142,975281348.4848486,12991555135.549831,0.0,2.041148274848348,1.0709088323950333
2473,c:\dev\monitor-backend_for_badger\simulations\data_worst_day\data_unified_2020_03_ETHUSDT.csv,1584119971355277.2,19505626969.69697,0.008158892385970742,108591282.33639589,6514071834.147142,975281348.4848486,12991555135.549831,0.0,2.0432015684384996,1.0709088323950333
2474,c:\dev\monitor-backend_for_badger\simulations\data_worst_day\data_unified_2020_03_ETHUSDT.csv,1584120027820530.0,19505626969.69697,0.00812816418706365,108591282.33639589,6514071834.147142,975281348.4848486,12991555135.549831,0.0,2.0509258100701078,1.0709088323950333
2475,c:\dev\monitor-backend_for_badger\simulations\data_worst_day\data_unified_2020_03_ETHUSDT.csv,1584120091458612.0,19505626969.69697,0.008086001934137008,108591282.33639589,6514071834.147142,975281348.4848486,12991555135.549831,0.0,2.0616198036459554,1.0709088323950333
2476,c:\dev\monitor-backend_for_badger\simulations\data_worst_day\data_unified_2020_03_ETHUSDT.csv,1584120150522987.5,19505626969.69697,0.00804686226231832,108591282.33639589,6514071834.147142,975281348.4848486,12991555135.549831,0.0,2.071647454163533,1.0709088323950333
2477,c:\dev\monitor-backend_for_badger\simulations\data_worst_day\data_unified_2020_03_ETHUSDT.csv,1584120211115135.0,19505626969.69697,0.008059346581714585,108591282.33639589,6514071834.147142,975281348.4848486,12991555135.549831,0.0,2.068438371611739,1.0709088323950333
2478,c:\dev\monitor-backend_for_badger\simulations\data_worst_day\data_unified_2020_03_ETHUSDT.csv,1584120270312756.5,19505626969.69697,0.00805248961696232,108591282.33639589,6514071834.147142,975281348.4848486,12991555135.549831,0.0,2.0701997161996912,1.0709088323950333
2479,c:\dev\monitor-backend_for_badger\simulations\data_worst_day\data_unified_2020_03_ETHUSDT.csv,1584120331023423.8,19505626969.69697,0.008066385008070961,108591282.33639589,6514071834.147142,975281348.4848486,12991555135.549831,0.0,2.0666335295248905,1.0709088323950333
2480,c:\dev\monitor-backend_for_badger\simulations\data_worst_day\data_unified_2020_03_ETHUSDT.csv,1584120393010017.2,19505626969.69697,0.008008199957058112,108591282.33639589,6514071834.147142,975281348.4848486,12991555135.549831,0.0,2.0816490358790105,1.0709088323950333
2481,c:\dev\monitor-backend_for_badger\simulations\data_worst_day\data_unified_2020_03_ETHUSDT.csv,1584120448099994.8,19505626969.69697,0.008002622532450857,108591282.33639589,6514071834.147142,975281348.4848486,12991555135.549831,0.0,2.0830998403508323,1.0709088323950333
2482,c:\dev\monitor-backend_for_badger\simulations\data_worst_day\data_unified_2020_03_ETHUSDT.csv,1584120510225996.0,19505626969.69697,0.00801717457793205,108591282.33639589,6514071834.147142,975281348.4848486,12991555135.549831,0.0,2.079318787147614,1.0709088323950333
2483,c:\dev\monitor-backend_for_badger\simulations\data_worst_day\data_unified_2020_03_ETHUSDT.csv,1584120568487139.8,19505626969.69697,0.00801453200780559,108591282.33639589,6514071834.147142,975281348.4848486,12991555135.549831,0.0,2.080004384972284,1.0709088323950333
2484,c:\dev\monitor-backend_for_badger\simulations\data_worst_day\data_unified_2020_03_ETHUSDT.csv,1584120633215030.8,19505626969.69697,0.007979130409711873,108591282.33639589,6514071834.147142,975281348.4848486,12991555135.549831,0.0,2.089232894282062,1.0709088323950333
2485,c:\dev\monitor-backend_for_badger\simulations\data_worst_day\data_unified_2020_03_ETHUSDT.csv,1584120689342839.0,19505626969.69697,0.007967524929152887,108591282.33639589,6514071834.147142,975281348.4848486,12991555135.549831,0.0,2.092276066654083,1.0709088323950333
2486,c:\dev\monitor-backend_for_badger\simulations\data_worst_day\data_unified_2020_03_ETHUSDT.csv,1584120747700614.5,19505626969.69697,0.007955511093200935,108591282.33639589,6514071834.147142,975281348.4848486,12991555135.549831,0.0,2.0954356702466743,1.0709088323950333
2487,c:\dev\monitor-backend_for_badger\simulations\data_worst_day\data_unified_2020_03_ETHUSDT.csv,1584120809528948.8,19505626969.69697,0.007919888852727786,108591282.33639589,6514071834.147142,975281348.4848486,12991555135.549831,0.0,2.104860564298796,1.0709088323950333
2488,c:\dev\monitor-backend_for_badger\simulations\data_worst_day\data_unified_2020_03_ETHUSDT.csv,1584120870209245.0,19505626969.69697,0.007926304154930425,108591282.33639589,6514071834.147142,975281348.4848486,12991555135.549831,0.0,2.103156956116414,1.0709088323950333
2489,c:\dev\monitor-backend_for_badger\simulations\data_worst_day\data_unified_2020_03_ETHUSDT.csv,1584120926668739.8,19505626969.69697,0.00799571938390962,108591282.33639589,6514071834.147142,975281348.4848486,12991555135.549831,0.0,2.0848982961161897,1.0709088323950333
2490,c:\dev\monitor-backend_for_badger\simulations\data_worst_day\data_unified_2020_03_ETHUSDT.csv,1584120985634922.0,19505626969.69697,0.008008309519267526,108591282.33639589,6514071834.147142,975281348.4848486,12991555135.549831,0.0,2.0816205567015955,1.0709088323950333
2491,c:\dev\monitor-backend_for_badger\simulations\data_worst_day\data_unified_2020_03_ETHUSDT.csv,1584121043677163.0,19505626969.69697,0.008023296411041637,108591282.33639589,6514071834.147142,975281348.4848486,12991555135.549831,0.0,2.0777322518952173,1.0709088323950333
2492,c:\dev\monitor-backend_for_badger\simulations\data_worst_day\data_unified_2020_03_ETHUSDT.csv,1584121113835063.5,19505626969.69697,0.008052280760721592,108591282.33639589,6514071834.147142,975281348.4848486,12991555135.549831,0.0,2.0702534120584333,1.0709088323950333
2493,c:\dev\monitor-backend_for_badger\simulations\data_worst_day\data_unified_2020_03_ETHUSDT.csv,1584121164666779.0,19505626969.69697,0.0080388867749593,108591282.33639589,6514071834.147142,975281348.4848486,12991555135.549831,0.0,2.073702763380537,1.0709088323950333
2494,c:\dev\monitor-backend_for_badger\simulations\data_worst_day\data_unified_2020_03_ETHUSDT.csv,1584121228003308.8,19505626969.69697,0.00799588650978091,108591282.33639589,6514071834.147142,975281348.4848486,12991555135.549831,0.0,2.08485471865372,1.0709088323950333
2495,c:\dev\monitor-backend_for_badger\simulations\data_worst_day\data_unified_2020_03_ETHUSDT.csv,1584121290651639.8,19505626969.69697,0.00801013985396092,108591282.33639589,6514071834.147142,975281348.4848486,12991555135.549831,0.0,2.0811449017950796,1.0709088323950333
2496,c:\dev\monitor-backend_for_badger\simulations\data_worst_day\data_unified_2020_03_ETHUSDT.csv,1584121346939490.8,19505626969.69697,0.00799827294525052,108591282.33639589,6514071834.147142,975281348.4848486,12991555135.549831,0.0,2.084232662956992,1.0709088323950333
2497,c:\dev\monitor-backend_for_badger\simulations\data_worst_day\data_unified_2020_03_ETHUSDT.csv,1584121411609157.8,19505626969.69697,0.008006181693254863,108591282.33639589,6514071834.147142,975281348.4848486,12991555135.549831,0.0,2.082173795004041,1.0709088323950333
2498,c:\dev\monitor-backend_for_badger\simulations\data_worst_day\data_unified_2020_03_ETHUSDT.csv,1584121470313293.2,19505626969.69697,0.008040139561566465,108591282.33639589,6514071834.147142,975281348.4848486,12991555135.549831,0.0,2.0733796462220213,1.0709088323950333
2499,c:\dev\monitor-backend_for_badger\simulations\data_worst_day\data_unified_2020_03_ETHUSDT.csv,1584121530405090.0,19505626969.69697,0.00809704523350658,108591282.33639589,6514071834.147142,975281348.4848486,12991555135.549831,0.0,2.058808026754345,1.0709088323950333
2500,c:\dev\monitor-backend_for_badger\simulations\data_worst_day\data_unified_2020_03_ETHUSDT.csv,1584121590059780.2,19505626969.69697,0.008142570051793283,108591282.33639589,6514071834.147142,975281348.4848486,12991555135.549831,0.0,2.047297304622509,1.0709088323950333
2501,c:\dev\monitor-backend_for_badger\simulations\data_worst_day\data_unified_2020_03_ETHUSDT.csv,1584121650167752.0,19505626969.69697,0.00810780678646872,108591282.33639589,6514071834.147142,975281348.4848486,12991555135.549831,0.0,2.056075355367087,1.0709088323950333
2502,c:\dev\monitor-backend_for_badger\simulations\data_worst_day\data_unified_2020_03_ETHUSDT.csv,1584121711698678.2,19505626969.69697,0.008097916116411403,108591282.33639589,6514071834.147142,975281348.4848486,12991555135.549831,0.0,2.0585866141478126,1.0709088323950333
2503,c:\dev\monitor-backend_for_badger\simulations\data_worst_day\data_unified_2020_03_ETHUSDT.csv,1584121772337742.0,19505626969.69697,0.008093334130747285,108591282.33639589,6514071834.147142,975281348.4848486,12991555135.549831,0.0,2.059752068854364,1.0709088323950333
2504,c:\dev\monitor-backend_for_badger\simulations\data_worst_day\data_unified_2020_03_ETHUSDT.csv,1584121832886246.5,19505626969.69697,0.008103454488177753,108591282.33639589,6514071834.147142,975281348.4848486,12991555135.549831,0.0,2.0571796564115763,1.0709088323950333
2505,c:\dev\monitor-backend_for_badger\simulations\data_worst_day\data_unified_2020_03_ETHUSDT.csv,1584121891983796.5,19505626969.69697,0.008105655265062331,108591282.33639589,6514071834.147142,975281348.4848486,12991555135.549831,0.0,2.05662110891761,1.0709088323950333
2506,c:\dev\monitor-backend_for_badger\simulations\data_worst_day\data_unified_2020_03_ETHUSDT.csv,1584121947832618.8,19505626969.69697,0.008075588965157834,108591282.33639589,6514071834.147142,975281348.4848486,12991555135.549831,0.0,2.0642781339739154,1.0709088323950333
2507,c:\dev\monitor-backend_for_badger\simulations\data_worst_day\data_unified_2020_03_ETHUSDT.csv,1584122009140518.8,19505626969.69697,0.008075862921164408,108591282.33639589,6514071834.147142,975281348.4848486,12991555135.549831,0.0,2.0642081078479686,1.0709088323950333
2508,c:\dev\monitor-backend_for_badger\simulations\data_worst_day\data_unified_2020_03_ETHUSDT.csv,1584122069071587.8,19505626969.69697,0.008064003717402415,108591282.33639589,6514071834.147142,975281348.4848486,12991555135.549831,0.0,2.067243803938398,1.0709088323950333
2509,c:\dev\monitor-backend_for_badger\simulations\data_worst_day\data_unified_2020_03_ETHUSDT.csv,1584122125387033.5,19505626969.69697,0.008100978002910948,108591282.33639589,6514071834.147142,975281348.4848486,12991555135.549831,0.0,2.0578085403695927,1.0709088323950333
2510,c:\dev\monitor-backend_for_badger\simulations\data_worst_day\data_unified_2020_03_ETHUSDT.csv,1584122189854355.2,19505626969.69697,0.008106862680405063,108591282.33639589,6514071834.147142,975281348.4848486,12991555135.549831,0.0,2.056314801042543,1.0709088323950333
2511,c:\dev\monitor-backend_for_badger\simulations\data_worst_day\data_unified_2020_03_ETHUSDT.csv,1584122249986604.0,19505626969.69697,0.00810147541954519,108591282.33639589,6514071834.147142,975281348.4848486,12991555135.549831,0.0,2.0576821944702273,1.0709088323950333
2512,c:\dev\monitor-backend_for_badger\simulations\data_worst_day\data_unified_2020_03_ETHUSDT.csv,1584122310853591.0,19505626969.69697,0.008091753185895086,108591282.33639589,6514071834.147142,975281348.4848486,12991555135.549831,0.0,2.060154497642693,1.0709088323950333
2513,c:\dev\monitor-backend_for_badger\simulations\data_worst_day\data_unified_2020_03_ETHUSDT.csv,1584122367191123.5,19505626969.69697,0.008074114150338188,108591282.33639589,6514071834.147142,975281348.4848486,12991555135.549831,0.0,2.064655194283835,1.0709088323950333
2514,c:\dev\monitor-backend_for_badger\simulations\data_worst_day\data_unified_2020_03_ETHUSDT.csv,1584122433392001.2,19505626969.69697,0.008090445039628084,108591282.33639589,6514071834.147142,975281348.4848486,12991555135.549831,0.0,2.060487604585802,1.0709088323950333
2515,c:\dev\monitor-backend_for_badger\simulations\data_worst_day\data_unified_2020_03_ETHUSDT.csv,1584122488600981.0,19505626969.69697,0.008113402152849364,108591282.33639589,6514071834.147142,975281348.4848486,12991555135.549831,0.0,2.054657393493294,1.0709088323950333
2516,c:\dev\monitor-backend_for_badger\simulations\data_worst_day\data_unified_2020_03_ETHUSDT.csv,1584122547545265.5,19505626969.69697,0.008113866755518492,108591282.33639589,6514071834.147142,975281348.4848486,12991555135.549831,0.0,2.0545397431376835,1.0709088323950333
2517,c:\dev\monitor-backend_for_badger\simulations\data_worst_day\data_unified_2020_03_ETHUSDT.csv,1584122613319924.2,19505626969.69697,0.008102985174218867,108591282.33639589,6514071834.147142,975281348.4848486,12991555135.549831,0.0,2.0572988054792263,1.0709088323950333
2518,c:\dev\monitor-backend_for_badger\simulations\data_worst_day\data_unified_2020_03_ETHUSDT.csv,1584122670127646.5,19505626969.69697,0.008100286440715256,108591282.33639589,6514071834.147142,975281348.4848486,12991555135.549831,0.0,2.057984225834904,1.0709088323950333
2519,c:\dev\monitor-backend_for_badger\simulations\data_worst_day\data_unified_2020_03_ETHUSDT.csv,1584122732209639.2,19505626969.69697,0.008153925252322551,108591282.33639589,6514071834.147142,975281348.4848486,12991555135.549831,0.0,2.0444462272925574,1.0709088323950333
2520,c:\dev\monitor-backend_for_badger\simulations\data_worst_day\data_unified_2020_03_ETHUSDT.csv,1584122789633210.0,19505626969.69697,0.008263948303248132,108591282.33639589,6514071834.147142,975281348.4848486,12991555135.549831,0.0,2.0172272511898623,1.0709088323950333
2521,c:\dev\monitor-backend_for_badger\simulations\data_worst_day\data_unified_2020_03_ETHUSDT.csv,1584122851275094.0,19505626969.69697,0.008267426411157465,108591282.33639589,6514071834.147142,975281348.4848486,12991555135.549831,0.0,2.0163786032904607,1.0709088323950333
2522,c:\dev\monitor-backend_for_badger\simulations\data_worst_day\data_unified_2020_03_ETHUSDT.csv,1584122908066131.0,19505626969.69697,0.008254433662361645,108591282.33639589,6514071834.147142,975281348.4848486,12991555135.549831,0.0,2.0195524492187737,1.0709088323950333
2523,c:\dev\monitor-backend_for_badger\simulations\data_worst_day\data_unified_2020_03_ETHUSDT.csv,1584122970622478.8,19505626969.69697,0.008316655458138,108591282.33639589,6514071834.147142,975281348.4848486,12991555135.549831,0.0,2.004442988367902,1.0709088323950333
2524,c:\dev\monitor-backend_for_badger\simulations\data_worst_day\data_unified_2020_03_ETHUSDT.csv,1584123027660389.5,19505626969.69697,0.008267783000545077,108591282.33639589,6514071834.147142,975281348.4848486,12991555135.549831,0.0,2.016291636904031,1.0709088323950333
2525,c:\dev\monitor-backend_for_badger\simulations\data_worst_day\data_unified_2020_03_ETHUSDT.csv,1584123087466545.8,19505626969.69697,0.008259435260086696,108591282.33639589,6514071834.147142,975281348.4848486,12991555135.549831,0.0,2.0183294855877802,1.0709088323950333
2526,c:\dev\monitor-backend_for_badger\simulations\data_worst_day\data_unified_2020_03_ETHUSDT.csv,1584123156096591.5,19505626969.69697,0.008213687888799044,108591282.33639589,6514071834.147142,975281348.4848486,12991555135.549831,0.0,2.0295708755222472,1.0709088323950333
2527,c:\dev\monitor-backend_for_badger\simulations\data_worst_day\data_unified_2020_03_ETHUSDT.csv,1584123208443069.0,19505626969.69697,0.00819018221064605,108591282.33639589,6514071834.147142,975281348.4848486,12991555135.549831,0.0,2.0353957080548746,1.0709088323950333
2528,c:\dev\monitor-backend_for_badger\simulations\data_worst_day\data_unified_2020_03_ETHUSDT.csv,1584123270978022.0,19505626969.69697,0.008218807346495131,108591282.33639589,6514071834.147142,975281348.4848486,12991555135.549831,0.0,2.028306665059536,1.0709088323950333
2529,c:\dev\monitor-backend_for_badger\simulations\data_worst_day\data_unified_2020_03_ETHUSDT.csv,1584123331360764.2,19505626969.69697,0.008226529898646954,108591282.33639589,6514071834.147142,975281348.4848486,12991555135.549831,0.0,2.0264026175214136,1.0709088323950333
2530,c:\dev\monitor-backend_for_badger\simulations\data_worst_day\data_unified_2020_03_ETHUSDT.csv,1584123389377760.5,19505626969.69697,0.008227791852656263,108591282.33639589,6514071834.147142,975281348.4848486,12991555135.549831,0.0,2.026091813972484,1.0709088323950333
2531,c:\dev\monitor-backend_for_badger\simulations\data_worst_day\data_unified_2020_03_ETHUSDT.csv,1584123451353568.2,19505626969.69697,0.008232763889799445,108591282.33639589,6514071834.147142,975281348.4848486,12991555135.549831,0.0,2.024868190425227,1.0709088323950333
2532,c:\dev\monitor-backend_for_badger\simulations\data_worst_day\data_unified_2020_03_ETHUSDT.csv,1584123507802386.0,19505626969.69697,0.008260159337490167,108591282.33639589,6514071834.147142,975281348.4848486,12991555135.549831,0.0,2.01815256081992,1.0709088323950333
2533,c:\dev\monitor-backend_for_badger\simulations\data_worst_day\data_unified_2020_03_ETHUSDT.csv,1584123571750919.5,19505626969.69697,0.00832511926648187,108591282.33639589,6514071834.147142,975281348.4848486,12991555135.549831,0.0,2.0024051531433584,1.0709088323950333
2534,c:\dev\monitor-backend_for_badger\simulations\data_worst_day\data_unified_2020_03_ETHUSDT.csv,1584123632392586.8,19505626969.69697,0.008292931925295411,108591282.33639589,6514071834.147142,975281348.4848486,12991555135.549831,0.0,2.010177084522797,1.0709088323950333
2535,c:\dev\monitor-backend_for_badger\simulations\data_worst_day\data_unified_2020_03_ETHUSDT.csv,1584123685535812.5,19505626969.69697,0.008289163498232445,108591282.33639589,6514071834.147142,975281348.4848486,12991555135.549831,0.0,2.011090953060712,1.0709088323950333
2536,c:\dev\monitor-backend_for_badger\simulations\data_worst_day\data_unified_2020_03_ETHUSDT.csv,1584123750818685.0,19505626969.69697,0.008323928353514932,108591282.33639589,6514071834.147142,975281348.4848486,12991555135.549831,0.0,2.002691639302377,1.0709088323950333
2537,c:\dev\monitor-backend_for_badger\simulations\data_worst_day\data_unified_2020_03_ETHUSDT.csv,1584123808062220.0,19505626969.69697,0.00830680367935411,108591282.33639589,6514071834.147142,975281348.4848486,12991555135.549831,0.0,2.0068202359433323,1.0709088323950333
2538,c:\dev\monitor-backend_for_badger\simulations\data_worst_day\data_unified_2020_03_ETHUSDT.csv,1584123869887219.5,19505626969.69697,0.00831921035296811,108591282.33639589,6514071834.147142,975281348.4848486,12991555135.549831,0.0,2.0038274081852943,1.0709088323950333
2539,c:\dev\monitor-backend_for_badger\simulations\data_worst_day\data_unified_2020_03_ETHUSDT.csv,1584123929225526.8,19505626969.69697,0.008309247680663946,108591282.33639589,6514071834.147142,975281348.4848486,12991555135.549831,0.0,2.006229969354377,1.0709088323950333
2540,c:\dev\monitor-backend_for_badger\simulations\data_worst_day\data_unified_2020_03_ETHUSDT.csv,1584123985959056.0,19505626969.69697,0.008300562509800914,108591282.33639589,6514071834.147142,975281348.4848486,12991555135.549831,0.0,2.0083291584218412,1.0709088323950333
2541,c:\dev\monitor-backend_for_badger\simulations\data_worst_day\data_unified_2020_03_ETHUSDT.csv,1584124050027192.5,19505626969.69697,0.008319645565477774,108591282.33639589,6514071834.147142,975281348.4848486,12991555135.549831,0.0,2.003722585119409,1.0709088323950333
2542,c:\dev\monitor-backend_for_badger\simulations\data_worst_day\data_unified_2020_03_ETHUSDT.csv,1584124112490182.8,19505626969.69697,0.008311329274246135,108591282.33639589,6514071834.147142,975281348.4848486,12991555135.549831,0.0,2.0057275039495295,1.0709088323950333
2543,c:\dev\monitor-backend_for_badger\simulations\data_worst_day\data_unified_2020_03_ETHUSDT.csv,1584124168909612.8,19505626969.69697,0.008301329775847004,108591282.33639589,6514071834.147142,975281348.4848486,12991555135.549831,0.0,2.008143534815234,1.0709088323950333
2544,c:\dev\monitor-backend_for_badger\simulations\data_worst_day\data_unified_2020_03_ETHUSDT.csv,1584124232245378.0,19505626969.69697,0.008279069327118709,108591282.33639589,6514071834.147142,975281348.4848486,12991555135.549831,0.0,2.0135429552608852,1.0709088323950333
2545,c:\dev\monitor-backend_for_badger\simulations\data_worst_day\data_unified_2020_03_ETHUSDT.csv,1584124288158651.8,19505626969.69697,0.008286852122819679,108591282.33639589,6514071834.147142,975281348.4848486,12991555135.549831,0.0,2.0116518881555887,1.0709088323950333
2546,c:\dev\monitor-backend_for_badger\simulations\data_worst_day\data_unified_2020_03_ETHUSDT.csv,1584124351337052.2,19505626969.69697,0.008324867082497748,108591282.33639589,6514071834.147142,975281348.4848486,12991555135.549831,0.0,2.002465811710558,1.0709088323950333
2547,c:\dev\monitor-backend_for_badger\simulations\data_worst_day\data_unified_2020_03_ETHUSDT.csv,1584124408041493.5,19505626969.69697,0.008308900537508348,108591282.33639589,6514071834.147142,975281348.4848486,12991555135.549831,0.0,2.0063137889884275,1.0709088323950333
2548,c:\dev\monitor-backend_for_badger\simulations\data_worst_day\data_unified_2020_03_ETHUSDT.csv,1584124469050256.0,19505626969.69697,0.008293013398860705,108591282.33639589,6514071834.147142,975281348.4848486,12991555135.549831,0.0,2.010157335815533,1.0709088323950333
2549,c:\dev\monitor-backend_for_badger\simulations\data_worst_day\data_unified_2020_03_ETHUSDT.csv,1584124530224269.2,19505626969.69697,0.008282527869033522,108591282.33639589,6514071834.147142,975281348.4848486,12991555135.549831,0.0,2.012702158487465,1.0709088323950333
2550,c:\dev\monitor-backend_for_badger\simulations\data_worst_day\data_unified_2020_03_ETHUSDT.csv,1584124587787476.8,19505626969.69697,0.008303152034667536,108591282.33639589,6514071834.147142,975281348.4848486,12991555135.549831,0.0,2.0077028157661387,1.0709088323950333
2551,c:\dev\monitor-backend_for_badger\simulations\data_worst_day\data_unified_2020_03_ETHUSDT.csv,1584124648519603.2,19505626969.69697,0.008336355468128063,108591282.33639589,6514071834.147142,975281348.4848486,12991555135.549831,0.0,1.9997062005658068,1.0709088323950333
2552,c:\dev\monitor-backend_for_badger\simulations\data_worst_day\data_unified_2020_03_ETHUSDT.csv,1584124708757172.5,19505626969.69697,0.008339173178350248,108591282.33639589,6514071834.147142,975281348.4848486,12991555135.549831,0.0,1.9990305229557852,1.0709088323950333
2553,c:\dev\monitor-backend_for_badger\simulations\data_worst_day\data_unified_2020_03_ETHUSDT.csv,1584124773352850.2,19505626969.69697,0.008357491112262425,108591282.33639589,6514071834.147142,975281348.4848486,12991555135.549831,0.0,1.9946490514691808,1.0709088323950333
2554,c:\dev\monitor-backend_for_badger\simulations\data_worst_day\data_unified_2020_03_ETHUSDT.csv,1584124826529768.5,19505626969.69697,0.008447892135948773,108591282.33639589,6514071834.147142,975281348.4848486,12991555135.549831,0.0,1.9733042812891142,1.0709088323950333
2555,c:\dev\monitor-backend_for_badger\simulations\data_worst_day\data_unified_2020_03_ETHUSDT.csv,1584124892956934.8,19505626969.69697,0.008471756285613263,108591282.33639589,6514071834.147142,975281348.4848486,12991555135.549831,0.0,1.9677456666270954,1.0709088323950333
2556,c:\dev\monitor-backend_for_badger\simulations\data_worst_day\data_unified_2020_03_ETHUSDT.csv,1584124949418529.2,19505626969.69697,0.008452085551218465,108591282.33639589,6514071834.147142,975281348.4848486,12991555135.549831,0.0,1.9723252466763244,1.0709088323950333
2557,c:\dev\monitor-backend_for_badger\simulations\data_worst_day\data_unified_2020_03_ETHUSDT.csv,1584125010355291.2,19505626969.69697,0.008450240896732446,108591282.33639589,6514071834.147142,975281348.4848486,12991555135.549831,0.0,1.972755797551575,1.0709088323950333
2558,c:\dev\monitor-backend_for_badger\simulations\data_worst_day\data_unified_2020_03_ETHUSDT.csv,1584125071479894.8,19505626969.69697,0.008516239607845607,108591282.33639589,6514071834.147142,975281348.4848486,12991555135.549831,0.0,1.9574674371983185,1.0709088323950333
2559,c:\dev\monitor-backend_for_badger\simulations\data_worst_day\data_unified_2020_03_ETHUSDT.csv,1584125130741465.5,19505626969.69697,0.008553434304726775,108591282.33639589,6514071834.147142,975281348.4848486,12991555135.549831,0.0,1.9489553699528714,1.0709088323950333
2560,c:\dev\monitor-backend_for_badger\simulations\data_worst_day\data_unified_2020_03_ETHUSDT.csv,1584125190565397.0,19505626969.69697,0.008554183323527616,108591282.33639589,6514071834.147142,975281348.4848486,12991555135.549831,0.0,1.948784716114991,1.0709088323950333
2561,c:\dev\monitor-backend_for_badger\simulations\data_worst_day\data_unified_2020_03_ETHUSDT.csv,1584125244833685.5,19505626969.69697,0.00856983614445091,108591282.33639589,6514071834.147142,975281348.4848486,12991555135.549831,0.0,1.9452252573732793,1.0709088323950333
2562,c:\dev\monitor-backend_for_badger\simulations\data_worst_day\data_unified_2020_03_ETHUSDT.csv,1584125309993197.8,19505626969.69697,0.008626194568739375,108591282.33639589,6514071834.147142,975281348.4848486,12991555135.549831,0.0,1.932516312598376,1.0709088323950333
2563,c:\dev\monitor-backend_for_badger\simulations\data_worst_day\data_unified_2020_03_ETHUSDT.csv,1584125372819853.2,19505626969.69697,0.008680831701649835,108591282.33639589,6514071834.147142,975281348.4848486,12991555135.549831,0.0,1.9203530597843623,1.0709088323950333
2564,c:\dev\monitor-backend_for_badger\simulations\data_worst_day\data_unified_2020_03_ETHUSDT.csv,1584125429627068.0,19505626969.69697,0.0086450495478214,108591282.33639589,6514071834.147142,975281348.4848486,12991555135.549831,0.0,1.9283014663504565,1.0709088323950333
2565,c:\dev\monitor-backend_for_badger\simulations\data_worst_day\data_unified_2020_03_ETHUSDT.csv,1584125490661157.0,19505626969.69697,0.008582861685209523,108591282.33639589,6514071834.147142,975281348.4848486,12991555135.549831,0.0,1.9422731404915332,1.0709088323950333
2566,c:\dev\monitor-backend_for_badger\simulations\data_worst_day\data_unified_2020_03_ETHUSDT.csv,1584125547277710.8,19505626969.69697,0.00855307198064812,108591282.33639589,6514071834.147142,975281348.4848486,12991555135.549831,0.0,1.9490379313367059,1.0709088323950333
2567,c:\dev\monitor-backend_for_badger\simulations\data_worst_day\data_unified_2020_03_ETHUSDT.csv,1584125610080904.2,19505626969.69697,0.008485059285717366,108591282.33639589,6514071834.147142,975281348.4848486,12991555135.549831,0.0,1.9646606061783072,1.0709088323950333
2568,c:\dev\monitor-backend_for_badger\simulations\data_worst_day\data_unified_2020_03_ETHUSDT.csv,1584125671793677.8,19505626969.69697,0.008351731506912307,108591282.33639589,6514071834.147142,975281348.4848486,12991555135.549831,0.0,1.9960246214739088,1.0709088323950333
2569,c:\dev\monitor-backend_for_badger\simulations\data_worst_day\data_unified_2020_03_ETHUSDT.csv,1584125729540205.0,19505626969.69697,0.008336180754194171,108591282.33639589,6514071834.147142,975281348.4848486,12991555135.549831,0.0,1.999748111429694,1.0709088323950333
2570,c:\dev\monitor-backend_for_badger\simulations\data_worst_day\data_unified_2020_03_ETHUSDT.csv,1584125788438104.2,19505626969.69697,0.008411497053174392,108591282.33639589,6514071834.147142,975281348.4848486,12991555135.549831,0.0,1.9818424252369213,1.0709088323950333
2571,c:\dev\monitor-backend_for_badger\simulations\data_worst_day\data_unified_2020_03_ETHUSDT.csv,1584125850020852.0,19505626969.69697,0.00844720438315344,108591282.33639589,6514071834.147142,975281348.4848486,12991555135.549831,0.0,1.973464943382032,1.0709088323950333
2572,c:\dev\monitor-backend_for_badger\simulations\data_worst_day\data_unified_2020_03_ETHUSDT.csv,1584125908276395.2,19505626969.69697,0.008414475272007171,108591282.33639589,6514071834.147142,975281348.4848486,12991555135.549831,0.0,1.9811409720572943,1.0709088323950333
2573,c:\dev\monitor-backend_for_badger\simulations\data_worst_day\data_unified_2020_03_ETHUSDT.csv,1584125969191023.0,19505626969.69697,0.008403137869390613,108591282.33639589,6514071834.147142,975281348.4848486,12991555135.549831,0.0,1.9838139012879559,1.0709088323950333
2574,c:\dev\monitor-backend_for_badger\simulations\data_worst_day\data_unified_2020_03_ETHUSDT.csv,1584126029597298.5,19505626969.69697,0.008402043406698152,108591282.33639589,6514071834.147142,975281348.4848486,12991555135.549831,0.0,1.9840723158424456,1.0709088323950333
2575,c:\dev\monitor-backend_for_badger\simulations\data_worst_day\data_unified_2020_03_ETHUSDT.csv,1584126090503819.0,19505626969.69697,0.008274434701451585,108591282.33639589,6514071834.147142,975281348.4848486,12991555135.549831,0.0,2.014670768603913,1.0709088323950333
2576,c:\dev\monitor-backend_for_badger\simulations\data_worst_day\data_unified_2020_03_ETHUSDT.csv,1584126147682433.0,19505626969.69697,0.008317169377826136,108591282.33639589,6514071834.147142,975281348.4848486,12991555135.549831,0.0,2.00431913340371,1.0709088323950333
2577,c:\dev\monitor-backend_for_badger\simulations\data_worst_day\data_unified_2020_03_ETHUSDT.csv,1584126210067603.2,19505626969.69697,0.008313314235929362,108591282.33639589,6514071834.147142,975281348.4848486,12991555135.549831,0.0,2.0052485984096515,1.0709088323950333
2578,c:\dev\monitor-backend_for_badger\simulations\data_worst_day\data_unified_2020_03_ETHUSDT.csv,1584126271146734.2,19505626969.69697,0.008275400369539164,108591282.33639589,6514071834.147142,975281348.4848486,12991555135.549831,0.0,2.014435673843377,1.0709088323950333
2579,c:\dev\monitor-backend_for_badger\simulations\data_worst_day\data_unified_2020_03_ETHUSDT.csv,1584126325359656.0,19505626969.69697,0.008251176282295873,108591282.33639589,6514071834.147142,975281348.4848486,12991555135.549831,0.0,2.0203497234091192,1.0709088323950333
2580,c:\dev\monitor-backend_for_badger\simulations\data_worst_day\data_unified_2020_03_ETHUSDT.csv,1584126394743306.8,19505626969.69697,0.008272056803487133,108591282.33639589,6514071834.147142,975281348.4848486,12991555135.549831,0.0,2.015249908911277,1.0709088323950333
2581,c:\dev\monitor-backend_for_badger\simulations\data_worst_day\data_unified_2020_03_ETHUSDT.csv,1584126451641923.5,19505626969.69697,0.008271572260455164,108591282.33639589,6514071834.147142,975281348.4848486,12991555135.549831,0.0,2.0153679608692716,1.0709088323950333
2582,c:\dev\monitor-backend_for_badger\simulations\data_worst_day\data_unified_2020_03_ETHUSDT.csv,1584126510592571.0,19505626969.69697,0.008198619522173805,108591282.33639589,6514071834.147142,975281348.4848486,12991555135.549831,0.0,2.0333010544824446,1.0709088323950333
2583,c:\dev\monitor-backend_for_badger\simulations\data_worst_day\data_unified_2020_03_ETHUSDT.csv,1584126569270524.2,19505626969.69697,0.008210918948462704,108591282.33639589,6514071834.147142,975281348.4848486,12991555135.549831,0.0,2.030255300822018,1.0709088323950333
2584,c:\dev\monitor-backend_for_badger\simulations\data_worst_day\data_unified_2020_03_ETHUSDT.csv,1584126635358179.0,19505626969.69697,0.008285995625911232,108591282.33639589,6514071834.147142,975281348.4848486,12991555135.549831,0.0,2.011859826187524,1.0709088323950333
2585,c:\dev\monitor-backend_for_badger\simulations\data_worst_day\data_unified_2020_03_ETHUSDT.csv,1584126692855711.0,19505626969.69697,0.008285994491517496,108591282.33639589,6514071834.147142,975281348.4848486,12991555135.549831,0.0,2.0118601016211106,1.0709088323950333
2586,c:\dev\monitor-backend_for_badger\simulations\data_worst_day\data_unified_2020_03_ETHUSDT.csv,1584126750304900.5,19505626969.69697,0.008241610853812935,108591282.33639589,6514071834.147142,975281348.4848486,12991555135.549831,0.0,2.0226945939851007,1.0709088323950333
2587,c:\dev\monitor-backend_for_badger\simulations\data_worst_day\data_unified_2020_03_ETHUSDT.csv,1584126810582291.2,19505626969.69697,0.008256910280350064,108591282.33639589,6514071834.147142,975281348.4848486,12991555135.549831,0.0,2.0189466947955736,1.0709088323950333
2588,c:\dev\monitor-backend_for_badger\simulations\data_worst_day\data_unified_2020_03_ETHUSDT.csv,1584126871298274.8,19505626969.69697,0.008265423513136931,108591282.33639589,6514071834.147142,975281348.4848486,12991555135.549831,0.0,2.01686721717779,1.0709088323950333
2589,c:\dev\monitor-backend_for_badger\simulations\data_worst_day\data_unified_2020_03_ETHUSDT.csv,1584126932742950.8,19505626969.69697,0.008224875734753095,108591282.33639589,6514071834.147142,975281348.4848486,12991555135.549831,0.0,2.026810161921162,1.0709088323950333
2590,c:\dev\monitor-backend_for_badger\simulations\data_worst_day\data_unified_2020_03_ETHUSDT.csv,1584126985623992.0,19505626969.69697,0.008151196132232167,108591282.33639589,6514071834.147142,975281348.4848486,12991555135.549831,0.0,2.0451307328770265,1.0709088323950333
2591,c:\dev\monitor-backend_for_badger\simulations\data_worst_day\data_unified_2020_03_ETHUSDT.csv,1584127047393894.8,19505626969.69697,0.008147149552087141,108591282.33639589,6514071834.147142,975281348.4848486,12991555135.549831,0.0,2.0461465219410093,1.0709088323950333
2592,c:\dev\monitor-backend_for_badger\simulations\data_worst_day\data_unified_2020_03_ETHUSDT.csv,1584127112132391.2,19505626969.69697,0.008153220473417874,108591282.33639589,6514071834.147142,975281348.4848486,12991555135.549831,0.0,2.044622952867125,1.0709088323950333
2593,c:\dev\monitor-backend_for_badger\simulations\data_worst_day\data_unified_2020_03_ETHUSDT.csv,1584127169728129.0,19505626969.69697,0.008167128195649272,108591282.33639589,6514071834.147142,975281348.4848486,12991555135.549831,0.0,2.0411411845618885,1.0709088323950333
2594,c:\dev\monitor-backend_for_badger\simulations\data_worst_day\data_unified_2020_03_ETHUSDT.csv,1584127236310163.0,19505626969.69697,0.00819513696183087,108591282.33639589,6514071834.147142,975281348.4848486,12991555135.549831,0.0,2.0341651149185993,1.0709088323950333
2595,c:\dev\monitor-backend_for_badger\simulations\data_worst_day\data_unified_2020_03_ETHUSDT.csv,1584127289556375.8,19505626969.69697,0.008220239554104064,108591282.33639589,6514071834.147142,975281348.4848486,12991555135.549831,0.0,2.027953274356038,1.0709088323950333
2596,c:\dev\monitor-backend_for_badger\simulations\data_worst_day\data_unified_2020_03_ETHUSDT.csv,1584127347948739.0,19505626969.69697,0.008201902772831947,108591282.33639589,6514071834.147142,975281348.4848486,12991555135.549831,0.0,2.032487116886471,1.0709088323950333
2597,c:\dev\monitor-backend_for_badger\simulations\data_worst_day\data_unified_2020_03_ETHUSDT.csv,1584127409539314.0,19505626969.69697,0.008193831584471718,108591282.33639589,6514071834.147142,975281348.4848486,12991555135.549831,0.0,2.0344891822439304,1.0709088323950333
2598,c:\dev\monitor-backend_for_badger\simulations\data_worst_day\data_unified_2020_03_ETHUSDT.csv,1584127467076424.5,19505626969.69697,0.008193535070938373,108591282.33639589,6514071834.147142,975281348.4848486,12991555135.549831,0.0,2.034562807800025,1.0709088323950333
2599,c:\dev\monitor-backend_for_badger\simulations\data_worst_day\data_unified_2020_03_ETHUSDT.csv,1584127533093376.5,19505626969.69697,0.00822714057808565,108591282.33639589,6514071834.147142,975281348.4848486,12991555135.549831,0.0,2.0262522028784042,1.0709088323950333
2600,c:\dev\monitor-backend_for_badger\simulations\data_worst_day\data_unified_2020_03_ETHUSDT.csv,1584127590070639.5,19505626969.69697,0.008238744679167489,108591282.33639589,6514071834.147142,975281348.4848486,12991555135.549831,0.0,2.0233982686572167,1.0709088323950333
2601,c:\dev\monitor-backend_for_badger\simulations\data_worst_day\data_unified_2020_03_ETHUSDT.csv,1584127655431714.8,19505626969.69697,0.008226877775675696,108591282.33639589,6514071834.147142,975281348.4848486,12991555135.549831,0.0,2.0263169302241373,1.0709088323950333
2602,c:\dev\monitor-backend_for_badger\simulations\data_worst_day\data_unified_2020_03_ETHUSDT.csv,1584127708220158.8,19505626969.69697,0.008178207467433888,108591282.33639589,6514071834.147142,975281348.4848486,12991555135.549831,0.0,2.0383759871730245,1.0709088323950333
2603,c:\dev\monitor-backend_for_badger\simulations\data_worst_day\data_unified_2020_03_ETHUSDT.csv,1584127768436699.2,19505626969.69697,0.008177880754217229,108591282.33639589,6514071834.147142,975281348.4848486,12991555135.549831,0.0,2.038457422008717,1.0709088323950333
2604,c:\dev\monitor-backend_for_badger\simulations\data_worst_day\data_unified_2020_03_ETHUSDT.csv,1584127830149970.2,19505626969.69697,0.008230689821553344,108591282.33639589,6514071834.147142,975281348.4848486,12991555135.549831,0.0,2.025378441073393,1.0709088323950333
2605,c:\dev\monitor-backend_for_badger\simulations\data_worst_day\data_unified_2020_03_ETHUSDT.csv,1584127889229118.2,19505626969.69697,0.008257472534254864,108591282.33639589,6514071834.147142,975281348.4848486,12991555135.549831,0.0,2.0188092240794404,1.0709088323950333
2606,c:\dev\monitor-backend_for_badger\simulations\data_worst_day\data_unified_2020_03_ETHUSDT.csv,1584127949020174.2,19505626969.69697,0.008392678622119537,108591282.33639589,6514071834.147142,975281348.4848486,12991555135.549831,0.0,1.9862861989973766,1.0709088323950333
2607,c:\dev\monitor-backend_for_badger\simulations\data_worst_day\data_unified_2020_03_ETHUSDT.csv,1584128010277833.5,19505626969.69697,0.008467275242558104,108591282.33639589,6514071834.147142,975281348.4848486,12991555135.549831,0.0,1.9687870350485965,1.0709088323950333
2608,c:\dev\monitor-backend_for_badger\simulations\data_worst_day\data_unified_2020_03_ETHUSDT.csv,1584128070136677.8,19505626969.69697,0.008537325251489447,108591282.33639589,6514071834.147142,975281348.4848486,12991555135.549831,0.0,1.9526328479552786,1.0709088323950333
2609,c:\dev\monitor-backend_for_badger\simulations\data_worst_day\data_unified_2020_03_ETHUSDT.csv,1584128127613021.2,19505626969.69697,0.008502850802802855,108591282.33639589,6514071834.147142,975281348.4848486,12991555135.549831,0.0,1.960549715189783,1.0709088323950333
2610,c:\dev\monitor-backend_for_badger\simulations\data_worst_day\data_unified_2020_03_ETHUSDT.csv,1584128188258342.5,19505626969.69697,0.008401719836315219,108591282.33639589,6514071834.147142,975281348.4848486,12991555135.549831,0.0,1.984148727226247,1.0709088323950333
2611,c:\dev\monitor-backend_for_badger\simulations\data_worst_day\data_unified_2020_03_ETHUSDT.csv,1584128248190007.8,19505626969.69697,0.008467277070894246,108591282.33639589,6514071834.147142,975281348.4848486,12991555135.549831,0.0,1.9687866099291085,1.0709088323950333
2612,c:\dev\monitor-backend_for_badger\simulations\data_worst_day\data_unified_2020_03_ETHUSDT.csv,1584128311338225.2,19505626969.69697,0.008365338558816783,108591282.33639589,6514071834.147142,975281348.4848486,12991555135.549831,0.0,1.992777889684628,1.0709088323950333
2613,c:\dev\monitor-backend_for_badger\simulations\data_worst_day\data_unified_2020_03_ETHUSDT.csv,1584128368420571.5,19505626969.69697,0.008386436226477204,108591282.33639589,6514071834.147142,975281348.4848486,12991555135.549831,0.0,1.987764679722467,1.0709088323950333
2614,c:\dev\monitor-backend_for_badger\simulations\data_worst_day\data_unified_2020_03_ETHUSDT.csv,1584128428393571.8,19505626969.69697,0.00840090733912303,108591282.33639589,6514071834.147142,975281348.4848486,12991555135.549831,0.0,1.9843406249826059,1.0709088323950333
2615,c:\dev\monitor-backend_for_badger\simulations\data_worst_day\data_unified_2020_03_ETHUSDT.csv,1584128488787803.0,19505626969.69697,0.00838843051386078,108591282.33639589,6514071834.147142,975281348.4848486,12991555135.549831,0.0,1.987292103354845,1.0709088323950333
2616,c:\dev\monitor-backend_for_badger\simulations\data_worst_day\data_unified_2020_03_ETHUSDT.csv,1584128551148618.8,19505626969.69697,0.008278381818762125,108591282.33639589,6514071834.147142,975281348.4848486,12991555135.549831,0.0,2.0137101772661503,1.0709088323950333
2617,c:\dev\monitor-backend_for_badger\simulations\data_worst_day\data_unified_2020_03_ETHUSDT.csv,1584128609308091.2,19505626969.69697,0.008111462733249402,108591282.33639589,6514071834.147142,975281348.4848486,12991555135.549831,0.0,2.055148654188337,1.0709088323950333
2618,c:\dev\monitor-backend_for_badger\simulations\data_worst_day\data_unified_2020_03_ETHUSDT.csv,1584128669083357.5,19505626969.69697,0.008096311920254772,108591282.33639589,6514071834.147142,975281348.4848486,12991555135.549831,0.0,2.05899450069752,1.0709088323950333
2619,c:\dev\monitor-backend_for_badger\simulations\data_worst_day\data_unified_2020_03_ETHUSDT.csv,1584128729242302.0,19505626969.69697,0.008083580529201434,108591282.33639589,6514071834.147142,975281348.4848486,12991555135.549831,0.0,2.062237353795891,1.0709088323950333
2620,c:\dev\monitor-backend_for_badger\simulations\data_worst_day\data_unified_2020_03_ETHUSDT.csv,1584128791361808.5,19505626969.69697,0.008049107043425728,108591282.33639589,6514071834.147142,975281348.4848486,12991555135.549831,0.0,2.0710697012474357,1.0709088323950333
2621,c:\dev\monitor-backend_for_badger\simulations\data_worst_day\data_unified_2020_03_ETHUSDT.csv,1584128846192856.0,19505626969.69697,0.008016991161209533,108591282.33639589,6514071834.147142,975281348.4848486,12991555135.549831,0.0,2.079366358839953,1.0709088323950333
2622,c:\dev\monitor-backend_for_badger\simulations\data_worst_day\data_unified_2020_03_ETHUSDT.csv,1584128909792279.8,19505626969.69697,0.007947024097918875,108591282.33639589,6514071834.147142,975281348.4848486,12991555135.549831,0.0,2.0976734830968833,1.0709088323950333
2623,c:\dev\monitor-backend_for_badger\simulations\data_worst_day\data_unified_2020_03_ETHUSDT.csv,1584128971949651.2,19505626969.69697,0.00785362745034298,108591282.33639589,6514071834.147142,975281348.4848486,12991555135.549831,0.0,2.1226193660368162,1.0709088323950333
2624,c:\dev\monitor-backend_for_badger\simulations\data_worst_day\data_unified_2020_03_ETHUSDT.csv,1584129029185580.0,19505626969.69697,0.007839623706317333,108591282.33639589,6514071834.147142,975281348.4848486,12991555135.549831,0.0,2.126410953411336,1.0709088323950333
2625,c:\dev\monitor-backend_for_badger\simulations\data_worst_day\data_unified_2020_03_ETHUSDT.csv,1584129177618337.0,19505626969.69697,0.007804832007797469,108591282.33639589,6514071834.147142,975281348.4848486,12991555135.549831,0.0,2.135889882457665,1.0709088323950333
2626,c:\dev\monitor-backend_for_badger\simulations\data_worst_day\data_unified_2020_03_ETHUSDT.csv,1584129209317241.5,19505626969.69697,0.00781551776422336,108591282.33639589,6514071834.147142,975281348.4848486,12991555135.549831,0.0,2.132969589813594,1.0709088323950333
2627,c:\dev\monitor-backend_for_badger\simulations\data_worst_day\data_unified_2020_03_ETHUSDT.csv,1584129269283513.0,19505626969.69697,0.00789548390975478,108591282.33639589,6514071834.147142,975281348.4848486,12991555135.549831,0.0,2.111366688891663,1.0709088323950333
2628,c:\dev\monitor-backend_for_badger\simulations\data_worst_day\data_unified_2020_03_ETHUSDT.csv,1584129330002556.8,19505626969.69697,0.00796238944832641,108591282.33639589,6514071834.147142,975281348.4848486,12991555135.549831,0.0,2.093625516300289,1.0709088323950333
2629,c:\dev\monitor-backend_for_badger\simulations\data_worst_day\data_unified_2020_03_ETHUSDT.csv,1584129389328457.5,19505626969.69697,0.007890800058885728,108591282.33639589,6514071834.147142,975281348.4848486,12991555135.549831,0.0,2.1126199618965367,1.0709088323950333
2630,c:\dev\monitor-backend_for_badger\simulations\data_worst_day\data_unified_2020_03_ETHUSDT.csv,1584129451542404.5,19505626969.69697,0.007917586851018711,108591282.33639589,6514071834.147142,975281348.4848486,12991555135.549831,0.0,2.1054725427598546,1.0709088323950333
2631,c:\dev\monitor-backend_for_badger\simulations\data_worst_day\data_unified_2020_03_ETHUSDT.csv,1584129510643005.0,19505626969.69697,0.007903993135953528,108591282.33639589,6514071834.147142,975281348.4848486,12991555135.549831,0.0,2.1090936483619904,1.0709088323950333
2632,c:\dev\monitor-backend_for_badger\simulations\data_worst_day\data_unified_2020_03_ETHUSDT.csv,1584129568430955.8,19505626969.69697,0.00781352714447922,108591282.33639589,6514071834.147142,975281348.4848486,12991555135.549831,0.0,2.1335129975858615,1.0709088323950333
2633,c:\dev\monitor-backend_for_badger\simulations\data_worst_day\data_unified_2020_03_ETHUSDT.csv,1584129630164713.0,19505626969.69697,0.007855731162227332,108591282.33639589,6514071834.147142,975281348.4848486,12991555135.549831,0.0,2.1220509428698224,1.0709088323950333
2634,c:\dev\monitor-backend_for_badger\simulations\data_worst_day\data_unified_2020_03_ETHUSDT.csv,1584129690349744.5,19505626969.69697,0.007867678263073219,108591282.33639589,6514071834.147142,975281348.4848486,12991555135.549831,0.0,2.1188286000430234,1.0709088323950333
2635,c:\dev\monitor-backend_for_badger\simulations\data_worst_day\data_unified_2020_03_ETHUSDT.csv,1584129752257816.8,19505626969.69697,0.007926720868628253,108591282.33639589,6514071834.147142,975281348.4848486,12991555135.549831,0.0,2.1030463915681192,1.0709088323950333
2636,c:\dev\monitor-backend_for_badger\simulations\data_worst_day\data_unified_2020_03_ETHUSDT.csv,1584129810525147.5,19505626969.69697,0.007873712981748457,108591282.33639589,6514071834.147142,975281348.4848486,12991555135.549831,0.0,2.117204647715583,1.0709088323950333
2637,c:\dev\monitor-backend_for_badger\simulations\data_worst_day\data_unified_2020_03_ETHUSDT.csv,1584129868051106.8,19505626969.69697,0.00784646057887229,108591282.33639589,6514071834.147142,975281348.4848486,12991555135.549831,0.0,2.124558143403333,1.0709088323950333
2638,c:\dev\monitor-backend_for_badger\simulations\data_worst_day\data_unified_2020_03_ETHUSDT.csv,1584129929905259.8,19505626969.69697,0.007775864633134746,108591282.33639589,6514071834.147142,975281348.4848486,12991555135.549831,0.0,2.1438466982437605,1.0709088323950333
2639,c:\dev\monitor-backend_for_badger\simulations\data_worst_day\data_unified_2020_03_ETHUSDT.csv,1584129986593644.0,19505626969.69697,0.007757179204413308,108591282.33639589,6514071834.147142,975281348.4848486,12991555135.549831,0.0,2.1490107783319106,1.0709088323950333
2640,c:\dev\monitor-backend_for_badger\simulations\data_worst_day\data_unified_2020_03_ETHUSDT.csv,1584130051474568.8,19505626969.69697,0.007758633712774059,108591282.33639589,6514071834.147142,975281348.4848486,12991555135.549831,0.0,2.148607904029534,1.0709088323950333
2641,c:\dev\monitor-backend_for_badger\simulations\data_worst_day\data_unified_2020_03_ETHUSDT.csv,1584130108840455.8,19505626969.69697,0.007769061313869727,108591282.33639589,6514071834.147142,975281348.4848486,12991555135.549831,0.0,2.145724051627157,1.0709088323950333
2642,c:\dev\monitor-backend_for_badger\simulations\data_worst_day\data_unified_2020_03_ETHUSDT.csv,1584130167651934.5,19505626969.69697,0.007768324951863399,108591282.33639589,6514071834.147142,975281348.4848486,12991555135.549831,0.0,2.1459274454961665,1.0709088323950333
2643,c:\dev\monitor-backend_for_badger\simulations\data_worst_day\data_unified_2020_03_ETHUSDT.csv,1584130229522034.0,19505626969.69697,0.007796682276669498,108591282.33639589,6514071834.147142,975281348.4848486,12991555135.549831,0.0,2.138122489564545,1.0709088323950333
2644,c:\dev\monitor-backend_for_badger\simulations\data_worst_day\data_unified_2020_03_ETHUSDT.csv,1584130287649526.2,19505626969.69697,0.00781927698869854,108591282.33639589,6514071834.147142,975281348.4848486,12991555135.549831,0.0,2.13194413547831,1.0709088323950333
2645,c:\dev\monitor-backend_for_badger\simulations\data_worst_day\data_unified_2020_03_ETHUSDT.csv,1584130351521275.5,19505626969.69697,0.007808363632982888,108591282.33639589,6514071834.147142,975281348.4848486,12991555135.549831,0.0,2.134923846184673,1.0709088323950333
2646,c:\dev\monitor-backend_for_badger\simulations\data_worst_day\data_unified_2020_03_ETHUSDT.csv,1584130409161962.5,19505626969.69697,0.007807810404063772,108591282.33639589,6514071834.147142,975281348.4848486,12991555135.549831,0.0,2.135075117994655,1.0709088323950333
2647,c:\dev\monitor-backend_for_badger\simulations\data_worst_day\data_unified_2020_03_ETHUSDT.csv,1584130469170121.5,19505626969.69697,0.00782496086548018,108591282.33639589,6514071834.147142,975281348.4848486,12991555135.549831,0.0,2.1303955388808684,1.0709088323950333
2648,c:\dev\monitor-backend_for_badger\simulations\data_worst_day\data_unified_2020_03_ETHUSDT.csv,1584130530889869.2,19505626969.69697,0.007830016319769158,108591282.33639589,6514071834.147142,975281348.4848486,12991555135.549831,0.0,2.129020047844271,1.0709088323950333
2649,c:\dev\monitor-backend_for_badger\simulations\data_worst_day\data_unified_2020_03_ETHUSDT.csv,1584130594022453.5,19505626969.69697,0.007889155664978428,108591282.33639589,6514071834.147142,975281348.4848486,12991555135.549831,0.0,2.1130603105905297,1.0709088323950333
2650,c:\dev\monitor-backend_for_badger\simulations\data_worst_day\data_unified_2020_03_ETHUSDT.csv,1584130647411673.8,19505626969.69697,0.007923574217525669,108591282.33639589,6514071834.147142,975281348.4848486,12991555135.549831,0.0,2.103881564315309,1.0709088323950333
2651,c:\dev\monitor-backend_for_badger\simulations\data_worst_day\data_unified_2020_03_ETHUSDT.csv,1584130712677844.0,19505626969.69697,0.007901822064884208,108591282.33639589,6514071834.147142,975281348.4848486,12991555135.549831,0.0,2.109673133974909,1.0709088323950333
2652,c:\dev\monitor-backend_for_badger\simulations\data_worst_day\data_unified_2020_03_ETHUSDT.csv,1584130767682193.2,19505626969.69697,0.007892792268795306,108591282.33639589,6514071834.147142,975281348.4848486,12991555135.549831,0.0,2.1120867181115828,1.0709088323950333
2653,c:\dev\monitor-backend_for_badger\simulations\data_worst_day\data_unified_2020_03_ETHUSDT.csv,1584130829915584.8,19505626969.69697,0.007899504692483815,108591282.33639589,6514071834.147142,975281348.4848486,12991555135.549831,0.0,2.110292020662726,1.0709088323950333
2654,c:\dev\monitor-backend_for_badger\simulations\data_worst_day\data_unified_2020_03_ETHUSDT.csv,1584130891288292.0,19505626969.69697,0.007880859683672532,108591282.33639589,6514071834.147142,975281348.4848486,12991555135.549831,0.0,2.1152846756393338,1.0709088323950333
2655,c:\dev\monitor-backend_for_badger\simulations\data_worst_day\data_unified_2020_03_ETHUSDT.csv,1584130948907790.2,19505626969.69697,0.007835028244291721,108591282.33639589,6514071834.147142,975281348.4848486,12991555135.549831,0.0,2.1276581525895097,1.0709088323950333
2656,c:\dev\monitor-backend_for_badger\simulations\data_worst_day\data_unified_2020_03_ETHUSDT.csv,1584131008734145.2,19505626969.69697,0.007848713002272058,108591282.33639589,6514071834.147142,975281348.4848486,12991555135.549831,0.0,2.1239484377770754,1.0709088323950333
2657,c:\dev\monitor-backend_for_badger\simulations\data_worst_day\data_unified_2020_03_ETHUSDT.csv,1584131069172954.2,19505626969.69697,0.00782177750990413,108591282.33639589,6514071834.147142,975281348.4848486,12991555135.549831,0.0,2.1312625804848135,1.0709088323950333
2658,c:\dev\monitor-backend_for_badger\simulations\data_worst_day\data_unified_2020_03_ETHUSDT.csv,1584131132651487.2,19505626969.69697,0.0077850707298406955,108591282.33639589,6514071834.147142,975281348.4848486,12991555135.549831,0.0,2.141311530521891,1.0709088323950333
2659,c:\dev\monitor-backend_for_badger\simulations\data_worst_day\data_unified_2020_03_ETHUSDT.csv,1584131190130397.0,19505626969.69697,0.007777970637578404,108591282.33639589,6514071834.147142,975281348.4848486,12991555135.549831,0.0,2.143266218979515,1.0709088323950333
2660,c:\dev\monitor-backend_for_badger\simulations\data_worst_day\data_unified_2020_03_ETHUSDT.csv,1584131254855419.8,19505626969.69697,0.007799430435555408,108591282.33639589,6514071834.147142,975281348.4848486,12991555135.549831,0.0,2.137369113998546,1.0709088323950333
2661,c:\dev\monitor-backend_for_badger\simulations\data_worst_day\data_unified_2020_03_ETHUSDT.csv,1584131307773815.0,19505626969.69697,0.007821640125114038,108591282.33639589,6514071834.147142,975281348.4848486,12991555135.549831,0.0,2.131300015480232,1.0709088323950333
2662,c:\dev\monitor-backend_for_badger\simulations\data_worst_day\data_unified_2020_03_ETHUSDT.csv,1584131370285708.5,19505626969.69697,0.007815720372696119,108591282.33639589,6514071834.147142,975281348.4848486,12991555135.549831,0.0,2.1329142964189445,1.0709088323950333
2663,c:\dev\monitor-backend_for_badger\simulations\data_worst_day\data_unified_2020_03_ETHUSDT.csv,1584131429007839.8,19505626969.69697,0.007799153514377833,108591282.33639589,6514071834.147142,975281348.4848486,12991555135.549831,0.0,2.137445004641148,1.0709088323950333
2664,c:\dev\monitor-backend_for_badger\simulations\data_worst_day\data_unified_2020_03_ETHUSDT.csv,1584131488931939.8,19505626969.69697,0.007811050596993058,108591282.33639589,6514071834.147142,975281348.4848486,12991555135.549831,0.0,2.1341894426024766,1.0709088323950333
2665,c:\dev\monitor-backend_for_badger\simulations\data_worst_day\data_unified_2020_03_ETHUSDT.csv,1584131551990911.0,19505626969.69697,0.007833077777508366,108591282.33639589,6514071834.147142,975281348.4848486,12991555135.549831,0.0,2.1281879477314494,1.0709088323950333
2666,c:\dev\monitor-backend_for_badger\simulations\data_worst_day\data_unified_2020_03_ETHUSDT.csv,1584131607363537.2,19505626969.69697,0.007833725285988278,108591282.33639589,6514071834.147142,975281348.4848486,12991555135.549831,0.0,2.1280120391193025,1.0709088323950333
2667,c:\dev\monitor-backend_for_badger\simulations\data_worst_day\data_unified_2020_03_ETHUSDT.csv,1584131670406494.2,19505626969.69697,0.007806623435984306,108591282.33639589,6514071834.147142,975281348.4848486,12991555135.549831,0.0,2.1353997482311593,1.0709088323950333
2668,c:\dev\monitor-backend_for_badger\simulations\data_worst_day\data_unified_2020_03_ETHUSDT.csv,1584131726723413.8,19505626969.69697,0.00776281882930077,108591282.33639589,6514071834.147142,975281348.4848486,12991555135.549831,0.0,2.147449539439775,1.0709088323950333
2669,c:\dev\monitor-backend_for_badger\simulations\data_worst_day\data_unified_2020_03_ETHUSDT.csv,1584131787195698.2,19505626969.69697,0.007767063616542111,108591282.33639589,6514071834.147142,975281348.4848486,12991555135.549831,0.0,2.146275934219519,1.0709088323950333
2670,c:\dev\monitor-backend_for_badger\simulations\data_worst_day\data_unified_2020_03_ETHUSDT.csv,1584131853575986.5,19505626969.69697,0.007774508352888209,108591282.33639589,6514071834.147142,975281348.4848486,12991555135.549831,0.0,2.1442206970609785,1.0709088323950333
2671,c:\dev\monitor-backend_for_badger\simulations\data_worst_day\data_unified_2020_03_ETHUSDT.csv,1584131910609025.0,19505626969.69697,0.00776228602939288,108591282.33639589,6514071834.147142,975281348.4848486,12991555135.549831,0.0,2.1475969394341172,1.0709088323950333
2672,c:\dev\monitor-backend_for_badger\simulations\data_worst_day\data_unified_2020_03_ETHUSDT.csv,1584131971836930.8,19505626969.69697,0.0077203533752154925,108591282.33639589,6514071834.147142,975281348.4848486,12991555135.549831,0.0,2.159261488373393,1.0709088323950333
2673,c:\dev\monitor-backend_for_badger\simulations\data_worst_day\data_unified_2020_03_ETHUSDT.csv,1584132027527316.8,19505626969.69697,0.007741757464776009,108591282.33639589,6514071834.147142,975281348.4848486,12991555135.549831,0.0,2.153291651874123,1.0709088323950333
2674,c:\dev\monitor-backend_for_badger\simulations\data_worst_day\data_unified_2020_03_ETHUSDT.csv,1584132081800504.0,19505626969.69697,0.007742839972907589,108591282.33639589,6514071834.147142,975281348.4848486,12991555135.549831,0.0,2.1529906052644843,1.0709088323950333
2675,c:\dev\monitor-backend_for_badger\simulations\data_worst_day\data_unified_2020_03_ETHUSDT.csv,1584132151493954.2,19505626969.69697,0.007766737863461662,108591282.33639589,6514071834.147142,975281348.4848486,12991555135.549831,0.0,2.146365953479774,1.0709088323950333
2676,c:\dev\monitor-backend_for_badger\simulations\data_worst_day\data_unified_2020_03_ETHUSDT.csv,1584132206301044.5,19505626969.69697,0.0077914695433918026,108591282.33639589,6514071834.147142,975281348.4848486,12991555135.549831,0.0,2.139552959412508,1.0709088323950333
2677,c:\dev\monitor-backend_for_badger\simulations\data_worst_day\data_unified_2020_03_ETHUSDT.csv,1584132269238695.0,19505626969.69697,0.0077796876097800055,108591282.33639589,6514071834.147142,975281348.4848486,12991555135.549831,0.0,2.1427932014622058,1.0709088323950333
2678,c:\dev\monitor-backend_for_badger\simulations\data_worst_day\data_unified_2020_03_ETHUSDT.csv,1584132327455239.5,19505626969.69697,0.007781043286637314,108591282.33639589,6514071834.147142,975281348.4848486,12991555135.549831,0.0,2.1424198665447394,1.0709088323950333
2679,c:\dev\monitor-backend_for_badger\simulations\data_worst_day\data_unified_2020_03_ETHUSDT.csv,1584132393444710.2,19505626969.69697,0.007783992494953089,108591282.33639589,6514071834.147142,975281348.4848486,12991555135.549831,0.0,2.1416081439627366,1.0709088323950333
2680,c:\dev\monitor-backend_for_badger\simulations\data_worst_day\data_unified_2020_03_ETHUSDT.csv,1584132449941379.0,19505626969.69697,0.007764625250600757,108591282.33639589,6514071834.147142,975281348.4848486,12991555135.549831,0.0,2.146949940494109,1.0709088323950333
2681,c:\dev\monitor-backend_for_badger\simulations\data_worst_day\data_unified_2020_03_ETHUSDT.csv,1584132509629739.8,19505626969.69697,0.007766900764679592,108591282.33639589,6514071834.147142,975281348.4848486,12991555135.549831,0.0,2.1463209360862807,1.0709088323950333
2682,c:\dev\monitor-backend_for_badger\simulations\data_worst_day\data_unified_2020_03_ETHUSDT.csv,1584132566601225.2,19505626969.69697,0.007763701975296925,108591282.33639589,6514071834.147142,975281348.4848486,12991555135.549831,0.0,2.147205260168271,1.0709088323950333
2683,c:\dev\monitor-backend_for_badger\simulations\data_worst_day\data_unified_2020_03_ETHUSDT.csv,1584132635088777.5,19505626969.69697,0.007806548632403537,108591282.33639589,6514071834.147142,975281348.4848486,12991555135.549831,0.0,2.1354202099684856,1.0709088323950333
2684,c:\dev\monitor-backend_for_badger\simulations\data_worst_day\data_unified_2020_03_ETHUSDT.csv,1584132691228163.8,19505626969.69697,0.007841157785139385,108591282.33639589,6514071834.147142,975281348.4848486,12991555135.549831,0.0,2.1259949329587458,1.0709088323950333
2685,c:\dev\monitor-backend_for_badger\simulations\data_worst_day\data_unified_2020_03_ETHUSDT.csv,1584132742728727.8,19505626969.69697,0.00786485031886148,108591282.33639589,6514071834.147142,975281348.4848486,12991555135.549831,0.0,2.1195904618499526,1.0709088323950333
2686,c:\dev\monitor-backend_for_badger\simulations\data_worst_day\data_unified_2020_03_ETHUSDT.csv,1584132810104638.0,19505626969.69697,0.00782078372271923,108591282.33639589,6514071834.147142,975281348.4848486,12991555135.549831,0.0,2.13153340007467,1.0709088323950333
2687,c:\dev\monitor-backend_for_badger\simulations\data_worst_day\data_unified_2020_03_ETHUSDT.csv,1584132868834820.2,19505626969.69697,0.007850224945608594,108591282.33639589,6514071834.147142,975281348.4848486,12991555135.549831,0.0,2.1235393680102987,1.0709088323950333
2688,c:\dev\monitor-backend_for_badger\simulations\data_worst_day\data_unified_2020_03_ETHUSDT.csv,1584132926309329.8,19505626969.69697,0.007881618743900217,108591282.33639589,6514071834.147142,975281348.4848486,12991555135.549831,0.0,2.1150809575301883,1.0709088323950333
2689,c:\dev\monitor-backend_for_badger\simulations\data_worst_day\data_unified_2020_03_ETHUSDT.csv,1584132988501938.0,19505626969.69697,0.007892207620138076,108591282.33639589,6514071834.147142,975281348.4848486,12991555135.549831,0.0,2.1122431798676757,1.0709088323950333
2690,c:\dev\monitor-backend_for_badger\simulations\data_worst_day\data_unified_2020_03_ETHUSDT.csv,1584133051718131.2,19505626969.69697,0.00788641976984619,108591282.33639589,6514071834.147142,975281348.4848486,12991555135.549831,0.0,2.1137933569647505,1.0709088323950333
2691,c:\dev\monitor-backend_for_badger\simulations\data_worst_day\data_unified_2020_03_ETHUSDT.csv,1584133107257090.8,19505626969.69697,0.00788906802077232,108591282.33639589,6514071834.147142,975281348.4848486,12991555135.549831,0.0,2.113083785796079,1.0709088323950333
2692,c:\dev\monitor-backend_for_badger\simulations\data_worst_day\data_unified_2020_03_ETHUSDT.csv,1584133167128657.2,19505626969.69697,0.007884402756960732,108591282.33639589,6514071834.147142,975281348.4848486,12991555135.549831,0.0,2.1143341142763212,1.0709088323950333
2693,c:\dev\monitor-backend_for_badger\simulations\data_worst_day\data_unified_2020_03_ETHUSDT.csv,1584133230273667.2,19505626969.69697,0.00788479531666452,108591282.33639589,6514071834.147142,975281348.4848486,12991555135.549831,0.0,2.114228848084838,1.0709088323950333
2694,c:\dev\monitor-backend_for_badger\simulations\data_worst_day\data_unified_2020_03_ETHUSDT.csv,1584133290845599.0,19505626969.69697,0.007884438308384353,108591282.33639589,6514071834.147142,975281348.4848486,12991555135.549831,0.0,2.1143245806120534,1.0709088323950333
2695,c:\dev\monitor-backend_for_badger\simulations\data_worst_day\data_unified_2020_03_ETHUSDT.csv,1584133354093235.8,19505626969.69697,0.007844540647410933,108591282.33639589,6514071834.147142,975281348.4848486,12991555135.549831,0.0,2.125078123629626,1.0709088323950333
2696,c:\dev\monitor-backend_for_badger\simulations\data_worst_day\data_unified_2020_03_ETHUSDT.csv,1584133408916216.2,19505626969.69697,0.007819198461505188,108591282.33639589,6514071834.147142,975281348.4848486,12991555135.549831,0.0,2.131965546316028,1.0709088323950333
2697,c:\dev\monitor-backend_for_badger\simulations\data_worst_day\data_unified_2020_03_ETHUSDT.csv,1584133467672804.2,19505626969.69697,0.00782994394276386,108591282.33639589,6514071834.147142,975281348.4848486,12991555135.549831,0.0,2.1290397276908197,1.0709088323950333
2698,c:\dev\monitor-backend_for_badger\simulations\data_worst_day\data_unified_2020_03_ETHUSDT.csv,1584133530968668.8,19505626969.69697,0.007844000696178466,108591282.33639589,6514071834.147142,975281348.4848486,12991555135.549831,0.0,2.1252244059409597,1.0709088323950333
2699,c:\dev\monitor-backend_for_badger\simulations\data_worst_day\data_unified_2020_03_ETHUSDT.csv,1584133591923537.8,19505626969.69697,0.00785265437373947,108591282.33639589,6514071834.147142,975281348.4848486,12991555135.549831,0.0,2.1228823944530615,1.0709088323950333
2700,c:\dev\monitor-backend_for_badger\simulations\data_worst_day\data_unified_2020_03_ETHUSDT.csv,1584133651326882.5,19505626969.69697,0.00786023317780192,108591282.33639589,6514071834.147142,975281348.4848486,12991555135.549831,0.0,2.1208355200981606,1.0709088323950333
2701,c:\dev\monitor-backend_for_badger\simulations\data_worst_day\data_unified_2020_03_ETHUSDT.csv,1584133716473001.2,19505626969.69697,0.007847499140280073,108591282.33639589,6514071834.147142,975281348.4848486,12991555135.549831,0.0,2.124276973051239,1.0709088323950333
2702,c:\dev\monitor-backend_for_badger\simulations\data_worst_day\data_unified_2020_03_ETHUSDT.csv,1584133765785705.5,19505626969.69697,0.007809962953730391,108591282.33639589,6514071834.147142,975281348.4848486,12991555135.549831,0.0,2.134486657426958,1.0709088323950333
2703,c:\dev\monitor-backend_for_badger\simulations\data_worst_day\data_unified_2020_03_ETHUSDT.csv,1584133826962935.2,19505626969.69697,0.007797464626433476,108591282.33639589,6514071834.147142,975281348.4848486,12991555135.549831,0.0,2.1379079634711027,1.0709088323950333
2704,c:\dev\monitor-backend_for_badger\simulations\data_worst_day\data_unified_2020_03_ETHUSDT.csv,1584133887644788.0,19505626969.69697,0.007814697536793909,108591282.33639589,6514071834.147142,975281348.4848486,12991555135.549831,0.0,2.133193465421768,1.0709088323950333
2705,c:\dev\monitor-backend_for_badger\simulations\data_worst_day\data_unified_2020_03_ETHUSDT.csv,1584133949301667.0,19505626969.69697,0.007832399027751832,108591282.33639589,6514071834.147142,975281348.4848486,12991555135.549831,0.0,2.1283723748841346,1.0709088323950333
2706,c:\dev\monitor-backend_for_badger\simulations\data_worst_day\data_unified_2020_03_ETHUSDT.csv,1584134009450920.2,19505626969.69697,0.007842842780204222,108591282.33639589,6514071834.147142,975281348.4848486,12991555135.549831,0.0,2.125538173710818,1.0709088323950333
2707,c:\dev\monitor-backend_for_badger\simulations\data_worst_day\data_unified_2020_03_ETHUSDT.csv,1584134068938380.0,19505626969.69697,0.007824455142142023,108591282.33639589,6514071834.147142,975281348.4848486,12991555135.549831,0.0,2.1305332341866685,1.0709088323950333
2708,c:\dev\monitor-backend_for_badger\simulations\data_worst_day\data_unified_2020_03_ETHUSDT.csv,1584134135662199.0,19505626969.69697,0.007810694292615562,108591282.33639589,6514071834.147142,975281348.4848486,12991555135.549831,0.0,2.1342867989977363,1.0709088323950333
2709,c:\dev\monitor-backend_for_badger\simulations\data_worst_day\data_unified_2020_03_ETHUSDT.csv,1584134193345419.5,19505626969.69697,0.007829766470900569,108591282.33639589,6514071834.147142,975281348.4848486,12991555135.549831,0.0,2.1290879851514863,1.0709088323950333
2710,c:\dev\monitor-backend_for_badger\simulations\data_worst_day\data_unified_2020_03_ETHUSDT.csv,1584134258490316.5,19505626969.69697,0.00782749922413345,108591282.33639589,6514071834.147142,975281348.4848486,12991555135.549831,0.0,2.1297046786461804,1.0709088323950333
2711,c:\dev\monitor-backend_for_badger\simulations\data_worst_day\data_unified_2020_03_ETHUSDT.csv,1584134307134279.5,19505626969.69697,0.007826575414138202,108591282.33639589,6514071834.147142,975281348.4848486,12991555135.549831,0.0,2.12995605838316,1.0709088323950333
2712,c:\dev\monitor-backend_for_badger\simulations\data_worst_day\data_unified_2020_03_ETHUSDT.csv,1584134369980639.5,19505626969.69697,0.00784843829254178,108591282.33639589,6514071834.147142,975281348.4848486,12991555135.549831,0.0,2.124022779866637,1.0709088323950333
2713,c:\dev\monitor-backend_for_badger\simulations\data_worst_day\data_unified_2020_03_ETHUSDT.csv,1584134421565148.0,19505626969.69697,0.007839590287748537,108591282.33639589,6514071834.147142,975281348.4848486,12991555135.549831,0.0,2.1264200178659984,1.0709088323950333
2714,c:\dev\monitor-backend_for_badger\simulations\data_worst_day\data_unified_2020_03_ETHUSDT.csv,1584134485588407.0,19505626969.69697,0.007835274304895756,108591282.33639589,6514071834.147142,975281348.4848486,12991555135.549831,0.0,2.1275913351648947,1.0709088323950333
2715,c:\dev\monitor-backend_for_badger\simulations\data_worst_day\data_unified_2020_03_ETHUSDT.csv,1584134544935154.5,19505626969.69697,0.007833142986437289,108591282.33639589,6514071834.147142,975281348.4848486,12991555135.549831,0.0,2.128170231106481,1.0709088323950333
2716,c:\dev\monitor-backend_for_badger\simulations\data_worst_day\data_unified_2020_03_ETHUSDT.csv,1584134607513629.2,19505626969.69697,0.007820296990946803,108591282.33639589,6514071834.147142,975281348.4848486,12991555135.549831,0.0,2.131666065756166,1.0709088323950333
2717,c:\dev\monitor-backend_for_badger\simulations\data_worst_day\data_unified_2020_03_ETHUSDT.csv,1584134665423471.8,19505626969.69697,0.007804130079315367,108591282.33639589,6514071834.147142,975281348.4848486,12991555135.549831,0.0,2.1360819912421025,1.0709088323950333
2718,c:\dev\monitor-backend_for_badger\simulations\data_worst_day\data_unified_2020_03_ETHUSDT.csv,1584134727970049.5,19505626969.69697,0.007802101616775531,108591282.33639589,6514071834.147142,975281348.4848486,12991555135.549831,0.0,2.1366373495947717,1.0709088323950333
2719,c:\dev\monitor-backend_for_badger\simulations\data_worst_day\data_unified_2020_03_ETHUSDT.csv,1584134788491391.8,19505626969.69697,0.007804136685230045,108591282.33639589,6514071834.147142,975281348.4848486,12991555135.549831,0.0,2.136080183127259,1.0709088323950333
2720,c:\dev\monitor-backend_for_badger\simulations\data_worst_day\data_unified_2020_03_ETHUSDT.csv,1584134840162989.5,19505626969.69697,0.0077983299965084,108591282.33639589,6514071834.147142,975281348.4848486,12991555135.549831,0.0,2.137670722731693,1.0709088323950333
2721,c:\dev\monitor-backend_for_badger\simulations\data_worst_day\data_unified_2020_03_ETHUSDT.csv,1584134920537743.2,19505626969.69697,0.007785593185005156,108591282.33639589,6514071834.147142,975281348.4848486,12991555135.549831,0.0,2.1411678370047427,1.0709088323950333
2722,c:\dev\monitor-backend_for_badger\simulations\data_worst_day\data_unified_2020_03_ETHUSDT.csv,1584134975251923.5,19505626969.69697,0.007758196540473752,108591282.33639589,6514071834.147142,975281348.4848486,12991555135.549831,0.0,2.148728977510331,1.0709088323950333
2723,c:\dev\monitor-backend_for_badger\simulations\data_worst_day\data_unified_2020_03_ETHUSDT.csv,1584135024016429.0,19505626969.69697,0.007729471970631391,108591282.33639589,6514071834.147142,975281348.4848486,12991555135.549831,0.0,2.1567141692312295,1.0709088323950333
2724,c:\dev\monitor-backend_for_badger\simulations\data_worst_day\data_unified_2020_03_ETHUSDT.csv,1584135087970201.2,19505626969.69697,0.007744510445946647,108591282.33639589,6514071834.147142,975281348.4848486,12991555135.549831,0.0,2.152526210157196,1.0709088323950333
2725,c:\dev\monitor-backend_for_badger\simulations\data_worst_day\data_unified_2020_03_ETHUSDT.csv,1584135152797870.8,19505626969.69697,0.007743696667098375,108591282.33639589,6514071834.147142,975281348.4848486,12991555135.549831,0.0,2.1527524174036166,1.0709088323950333
2726,c:\dev\monitor-backend_for_badger\simulations\data_worst_day\data_unified_2020_03_ETHUSDT.csv,1584135221716742.8,19505626969.69697,0.007718359549820348,108591282.33639589,6514071834.147142,975281348.4848486,12991555135.549831,0.0,2.1598192740482487,1.0709088323950333
2727,c:\dev\monitor-backend_for_badger\simulations\data_worst_day\data_unified_2020_03_ETHUSDT.csv,1584135270857292.8,19505626969.69697,0.0076990996794198945,108591282.33639589,6514071834.147142,975281348.4848486,12991555135.549831,0.0,2.16522222257972,1.0709088323950333
2728,c:\dev\monitor-backend_for_badger\simulations\data_worst_day\data_unified_2020_03_ETHUSDT.csv,1584135335407559.2,19505626969.69697,0.007681018403970799,108591282.33639589,6514071834.147142,975281348.4848486,12991555135.549831,0.0,2.1703192002662632,1.0709088323950333
2729,c:\dev\monitor-backend_for_badger\simulations\data_worst_day\data_unified_2020_03_ETHUSDT.csv,1584135389540418.0,19505626969.69697,0.007658666078402832,108591282.33639589,6514071834.147142,975281348.4848486,12991555135.549831,0.0,2.1766534209848767,1.0709088323950333
2730,c:\dev\monitor-backend_for_badger\simulations\data_worst_day\data_unified_2020_03_ETHUSDT.csv,1584135454402843.0,19505626969.69697,0.007645101815488504,108591282.33639589,6514071834.147142,975281348.4848486,12991555135.549831,0.0,2.1805153315242234,1.0709088323950333
2731,c:\dev\monitor-backend_for_badger\simulations\data_worst_day\data_unified_2020_03_ETHUSDT.csv,1584135509866601.5,19505626969.69697,0.007653289638996389,108591282.33639589,6514071834.147142,975281348.4848486,12991555135.549831,0.0,2.178182520990072,1.0709088323950333
2732,c:\dev\monitor-backend_for_badger\simulations\data_worst_day\data_unified_2020_03_ETHUSDT.csv,1584135567918978.2,19505626969.69697,0.007639294043937148,108591282.33639589,6514071834.147142,975281348.4848486,12991555135.549831,0.0,2.1821730678067754,1.0709088323950333
2733,c:\dev\monitor-backend_for_badger\simulations\data_worst_day\data_unified_2020_03_ETHUSDT.csv,1584135637289725.2,19505626969.69697,0.007632744522774128,108591282.33639589,6514071834.147142,975281348.4848486,12991555135.549831,0.0,2.1840455513736403,1.0709088323950333
2734,c:\dev\monitor-backend_for_badger\simulations\data_worst_day\data_unified_2020_03_ETHUSDT.csv,1584135688642051.2,19505626969.69697,0.007622927899713938,108591282.33639589,6514071834.147142,975281348.4848486,12991555135.549831,0.0,2.186858112663237,1.0709088323950333
2735,c:\dev\monitor-backend_for_badger\simulations\data_worst_day\data_unified_2020_03_ETHUSDT.csv,1584135743468978.5,19505626969.69697,0.00761907083907293,108591282.33639589,6514071834.147142,975281348.4848486,12991555135.549831,0.0,2.1879651826107382,1.0709088323950333
2736,c:\dev\monitor-backend_for_badger\simulations\data_worst_day\data_unified_2020_03_ETHUSDT.csv,1584135814373039.8,19505626969.69697,0.007617289526163053,108591282.33639589,6514071834.147142,975281348.4848486,12991555135.549831,0.0,2.1884768410704516,1.0709088323950333
2737,c:\dev\monitor-backend_for_badger\simulations\data_worst_day\data_unified_2020_03_ETHUSDT.csv,1584135867825278.8,19505626969.69697,0.007608070646334519,108591282.33639589,6514071834.147142,975281348.4848486,12991555135.549831,0.0,2.1911286704163158,1.0709088323950333
2738,c:\dev\monitor-backend_for_badger\simulations\data_worst_day\data_unified_2020_03_ETHUSDT.csv,1584135929810288.0,19505626969.69697,0.007612068898928324,108591282.33639589,6514071834.147142,975281348.4848486,12991555135.549831,0.0,2.1899777762236625,1.0709088323950333
2739,c:\dev\monitor-backend_for_badger\simulations\data_worst_day\data_unified_2020_03_ETHUSDT.csv,1584135990684209.8,19505626969.69697,0.007650971560557747,108591282.33639589,6514071834.147142,975281348.4848486,12991555135.549831,0.0,2.1788424630506813,1.0709088323950333
2740,c:\dev\monitor-backend_for_badger\simulations\data_worst_day\data_unified_2020_03_ETHUSDT.csv,1584136045209708.2,19505626969.69697,0.007661036604709698,108591282.33639589,6514071834.147142,975281348.4848486,12991555135.549831,0.0,2.1759799071431334,1.0709088323950333
2741,c:\dev\monitor-backend_for_badger\simulations\data_worst_day\data_unified_2020_03_ETHUSDT.csv,1584136113051974.5,19505626969.69697,0.007676371047272822,108591282.33639589,6514071834.147142,975281348.4848486,12991555135.549831,0.0,2.171633134599295,1.0709088323950333
2742,c:\dev\monitor-backend_for_badger\simulations\data_worst_day\data_unified_2020_03_ETHUSDT.csv,1584136165744777.5,19505626969.69697,0.007690033348475154,108591282.33639589,6514071834.147142,975281348.4848486,12991555135.549831,0.0,2.1677749580945416,1.0709088323950333
2743,c:\dev\monitor-backend_for_badger\simulations\data_worst_day\data_unified_2020_03_ETHUSDT.csv,1584136227345583.8,19505626969.69697,0.00771335155200752,108591282.33639589,6514071834.147142,975281348.4848486,12991555135.549831,0.0,2.1612215659219705,1.0709088323950333
2744,c:\dev\monitor-backend_for_badger\simulations\data_worst_day\data_unified_2020_03_ETHUSDT.csv,1584136289772701.5,19505626969.69697,0.007754836922655747,108591282.33639589,6514071834.147142,975281348.4848486,12991555135.549831,0.0,2.149659868544006,1.0709088323950333
2745,c:\dev\monitor-backend_for_badger\simulations\data_worst_day\data_unified_2020_03_ETHUSDT.csv,1584136349820018.5,19505626969.69697,0.007798000783345906,108591282.33639589,6514071834.147142,975281348.4848486,12991555135.549831,0.0,2.1377609701372213,1.0709088323950333
2746,c:\dev\monitor-backend_for_badger\simulations\data_worst_day\data_unified_2020_03_ETHUSDT.csv,1584136415830384.0,19505626969.69697,0.007775053873698782,108591282.33639589,6514071834.147142,975281348.4848486,12991555135.549831,0.0,2.144070252185392,1.0709088323950333
2747,c:\dev\monitor-backend_for_badger\simulations\data_worst_day\data_unified_2020_03_ETHUSDT.csv,1584136469585786.0,19505626969.69697,0.007777618986788796,108591282.33639589,6514071834.147142,975281348.4848486,12991555135.549831,0.0,2.1433631228339625,1.0709088323950333
2748,c:\dev\monitor-backend_for_badger\simulations\data_worst_day\data_unified_2020_03_ETHUSDT.csv,1584136534759319.0,19505626969.69697,0.007747635311442005,108591282.33639589,6514071834.147142,975281348.4848486,12991555135.549831,0.0,2.1516580284976854,1.0709088323950333
2749,c:\dev\monitor-backend_for_badger\simulations\data_worst_day\data_unified_2020_03_ETHUSDT.csv,1584136591284239.0,19505626969.69697,0.007730646240475746,108591282.33639589,6514071834.147142,975281348.4848486,12991555135.549831,0.0,2.156386568622814,1.0709088323950333
2750,c:\dev\monitor-backend_for_badger\simulations\data_worst_day\data_unified_2020_03_ETHUSDT.csv,1584136652220034.8,19505626969.69697,0.007745719107029131,108591282.33639589,6514071834.147142,975281348.4848486,12991555135.549831,0.0,2.1521903246669924,1.0709088323950333
2751,c:\dev\monitor-backend_for_badger\simulations\data_worst_day\data_unified_2020_03_ETHUSDT.csv,1584136711046758.0,19505626969.69697,0.007741709660961146,108591282.33639589,6514071834.147142,975281348.4848486,12991555135.549831,0.0,2.1533049481045397,1.0709088323950333
2752,c:\dev\monitor-backend_for_badger\simulations\data_worst_day\data_unified_2020_03_ETHUSDT.csv,1584136768436720.8,19505626969.69697,0.007753852881022315,108591282.33639589,6514071834.147142,975281348.4848486,12991555135.549831,0.0,2.149932681923473,1.0709088323950333
2753,c:\dev\monitor-backend_for_badger\simulations\data_worst_day\data_unified_2020_03_ETHUSDT.csv,1584136832566776.5,19505626969.69697,0.007772196092002967,108591282.33639589,6514071834.147142,975281348.4848486,12991555135.549831,0.0,2.144858611697775,1.0709088323950333
2754,c:\dev\monitor-backend_for_badger\simulations\data_worst_day\data_unified_2020_03_ETHUSDT.csv,1584136896455309.5,19505626969.69697,0.007756880870331014,108591282.33639589,6514071834.147142,975281348.4848486,12991555135.549831,0.0,2.1490934305176426,1.0709088323950333
2755,c:\dev\monitor-backend_for_badger\simulations\data_worst_day\data_unified_2020_03_ETHUSDT.csv,1584136957459106.0,19505626969.69697,0.007751218865374268,108591282.33639589,6514071834.147142,975281348.4848486,12991555135.549831,0.0,2.1506632710636833,1.0709088323950333
2756,c:\dev\monitor-backend_for_badger\simulations\data_worst_day\data_unified_2020_03_ETHUSDT.csv,1584137004185595.0,19505626969.69697,0.007749234248641264,108591282.33639589,6514071834.147142,975281348.4848486,12991555135.549831,0.0,2.151214066429762,1.0709088323950333
2757,c:\dev\monitor-backend_for_badger\simulations\data_worst_day\data_unified_2020_03_ETHUSDT.csv,1584137069321817.5,19505626969.69697,0.007740500806505027,108591282.33639589,6514071834.147142,975281348.4848486,12991555135.549831,0.0,2.1536412354258605,1.0709088323950333
2758,c:\dev\monitor-backend_for_badger\simulations\data_worst_day\data_unified_2020_03_ETHUSDT.csv,1584137125755580.8,19505626969.69697,0.007735228197968808,108591282.33639589,6514071834.147142,975281348.4848486,12991555135.549831,0.0,2.155109234413252,1.0709088323950333
2759,c:\dev\monitor-backend_for_badger\simulations\data_worst_day\data_unified_2020_03_ETHUSDT.csv,1584137189496973.0,19505626969.69697,0.00772278935154801,108591282.33639589,6514071834.147142,975281348.4848486,12991555135.549831,0.0,2.158580398984319,1.0709088323950333
2760,c:\dev\monitor-backend_for_badger\simulations\data_worst_day\data_unified_2020_03_ETHUSDT.csv,1584137245927127.0,19505626969.69697,0.007708327036370192,108591282.33639589,6514071834.147142,975281348.4848486,12991555135.549831,0.0,2.1626303140851544,1.0709088323950333
2761,c:\dev\monitor-backend_for_badger\simulations\data_worst_day\data_unified_2020_03_ETHUSDT.csv,1584137307405121.8,19505626969.69697,0.007708267057329054,108591282.33639589,6514071834.147142,975281348.4848486,12991555135.549831,0.0,2.1626471417964424,1.0709088323950333
2762,c:\dev\monitor-backend_for_badger\simulations\data_worst_day\data_unified_2020_03_ETHUSDT.csv,1584137371937725.5,19505626969.69697,0.00770366794627998,108591282.33639589,6514071834.147142,975281348.4848486,12991555135.549831,0.0,2.163938248115464,1.0709088323950333
2763,c:\dev\monitor-backend_for_badger\simulations\data_worst_day\data_unified_2020_03_ETHUSDT.csv,1584137426769327.2,19505626969.69697,0.007714374468292866,108591282.33639589,6514071834.147142,975281348.4848486,12991555135.549831,0.0,2.160934990679207,1.0709088323950333
2764,c:\dev\monitor-backend_for_badger\simulations\data_worst_day\data_unified_2020_03_ETHUSDT.csv,1584137493343014.8,19505626969.69697,0.007709538512358666,108591282.33639589,6514071834.147142,975281348.4848486,12991555135.549831,0.0,2.162290478608198,1.0709088323950333
2765,c:\dev\monitor-backend_for_badger\simulations\data_worst_day\data_unified_2020_03_ETHUSDT.csv,1584137553406598.8,19505626969.69697,0.007705448971639449,108591282.33639589,6514071834.147142,975281348.4848486,12991555135.549831,0.0,2.163438078831312,1.0709088323950333
2766,c:\dev\monitor-backend_for_badger\simulations\data_worst_day\data_unified_2020_03_ETHUSDT.csv,1584137610806453.8,19505626969.69697,0.007668163858859096,108591282.33639589,6514071834.147142,975281348.4848486,12991555135.549831,0.0,2.1739574201295992,1.0709088323950333
2767,c:\dev\monitor-backend_for_badger\simulations\data_worst_day\data_unified_2020_03_ETHUSDT.csv,1584137666525250.8,19505626969.69697,0.007658828123936114,108591282.33639589,6514071834.147142,975281348.4848486,12991555135.549831,0.0,2.1766073673382005,1.0709088323950333
2768,c:\dev\monitor-backend_for_badger\simulations\data_worst_day\data_unified_2020_03_ETHUSDT.csv,1584137732029341.8,19505626969.69697,0.0076602471246702475,108591282.33639589,6514071834.147142,975281348.4848486,12991555135.549831,0.0,2.1762041678849835,1.0709088323950333
2769,c:\dev\monitor-backend_for_badger\simulations\data_worst_day\data_unified_2020_03_ETHUSDT.csv,1584137785581310.0,19505626969.69697,0.0076792840277024555,108591282.33639589,6514071834.147142,975281348.4848486,12991555135.549831,0.0,2.170809369675559,1.0709088323950333
2770,c:\dev\monitor-backend_for_badger\simulations\data_worst_day\data_unified_2020_03_ETHUSDT.csv,1584137846957591.0,19505626969.69697,0.007682900190519794,108591282.33639589,6514071834.147142,975281348.4848486,12991555135.549831,0.0,2.169787620084716,1.0709088323950333
2771,c:\dev\monitor-backend_for_badger\simulations\data_worst_day\data_unified_2020_03_ETHUSDT.csv,1584137905789392.2,19505626969.69697,0.007676888301275105,108591282.33639589,6514071834.147142,975281348.4848486,12991555135.549831,0.0,2.171486814125911,1.0709088323950333
2772,c:\dev\monitor-backend_for_badger\simulations\data_worst_day\data_unified_2020_03_ETHUSDT.csv,1584137972103943.0,19505626969.69697,0.007671762623302243,108591282.33639589,6514071834.147142,975281348.4848486,12991555135.549831,0.0,2.1729376335370487,1.0709088323950333
2773,c:\dev\monitor-backend_for_badger\simulations\data_worst_day\data_unified_2020_03_ETHUSDT.csv,1584138023780539.2,19505626969.69697,0.007662856425283926,108591282.33639589,6514071834.147142,975281348.4848486,12991555135.549831,0.0,2.1754631425341735,1.0709088323950333
2774,c:\dev\monitor-backend_for_badger\simulations\data_worst_day\data_unified_2020_03_ETHUSDT.csv,1584138083190806.0,19505626969.69697,0.007668693558370892,108591282.33639589,6514071834.147142,975281348.4848486,12991555135.549831,0.0,2.173807258413612,1.0709088323950333
2775,c:\dev\monitor-backend_for_badger\simulations\data_worst_day\data_unified_2020_03_ETHUSDT.csv,1584138151498311.0,19505626969.69697,0.007684214002494907,108591282.33639589,6514071834.147142,975281348.4848486,12991555135.549831,0.0,2.1694166396620216,1.0709088323950333
2776,c:\dev\monitor-backend_for_badger\simulations\data_worst_day\data_unified_2020_03_ETHUSDT.csv,1584138210412650.0,19505626969.69697,0.007688325533954098,108591282.33639589,6514071834.147142,975281348.4848486,12991555135.549831,0.0,2.168256487854886,1.0709088323950333
2777,c:\dev\monitor-backend_for_badger\simulations\data_worst_day\data_unified_2020_03_ETHUSDT.csv,1584138271240692.2,19505626969.69697,0.0076805707422588215,108591282.33639589,6514071834.147142,975281348.4848486,12991555135.549831,0.0,2.1704456972208948,1.0709088323950333
2778,c:\dev\monitor-backend_for_badger\simulations\data_worst_day\data_unified_2020_03_ETHUSDT.csv,1584138325648113.2,19505626969.69697,0.0076769057450800406,108591282.33639589,6514071834.147142,975281348.4848486,12991555135.549831,0.0,2.1714818799774838,1.0709088323950333
2779,c:\dev\monitor-backend_for_badger\simulations\data_worst_day\data_unified_2020_03_ETHUSDT.csv,1584138383375467.2,19505626969.69697,0.007675229813362778,108591282.33639589,6514071834.147142,975281348.4848486,12991555135.549831,0.0,2.1719560358587557,1.0709088323950333
2780,c:\dev\monitor-backend_for_badger\simulations\data_worst_day\data_unified_2020_03_ETHUSDT.csv,1584138450478562.0,19505626969.69697,0.007670792230253724,108591282.33639589,6514071834.147142,975281348.4848486,12991555135.549831,0.0,2.1732125208643485,1.0709088323950333
2781,c:\dev\monitor-backend_for_badger\simulations\data_worst_day\data_unified_2020_03_ETHUSDT.csv,1584138512248869.2,19505626969.69697,0.007664155909939445,108591282.33639589,6514071834.147142,975281348.4848486,12991555135.549831,0.0,2.175094285088476,1.0709088323950333
2782,c:\dev\monitor-backend_for_badger\simulations\data_worst_day\data_unified_2020_03_ETHUSDT.csv,1584138569654965.5,19505626969.69697,0.0076666826679249135,108591282.33639589,6514071834.147142,975281348.4848486,12991555135.549831,0.0,2.1743774252558667,1.0709088323950333
2783,c:\dev\monitor-backend_for_badger\simulations\data_worst_day\data_unified_2020_03_ETHUSDT.csv,1584138635086229.5,19505626969.69697,0.007679094339740128,108591282.33639589,6514071834.147142,975281348.4848486,12991555135.549831,0.0,2.1708629927185528,1.0709088323950333
2784,c:\dev\monitor-backend_for_badger\simulations\data_worst_day\data_unified_2020_03_ETHUSDT.csv,1584138693588803.5,19505626969.69697,0.007690599828561952,108591282.33639589,6514071834.147142,975281348.4848486,12991555135.549831,0.0,2.1676152824679593,1.0709088323950333
2785,c:\dev\monitor-backend_for_badger\simulations\data_worst_day\data_unified_2020_03_ETHUSDT.csv,1584138747970283.8,19505626969.69697,0.007690190428299237,108591282.33639589,6514071834.147142,975281348.4848486,12991555135.549831,0.0,2.1677306791248276,1.0709088323950333
2786,c:\dev\monitor-backend_for_badger\simulations\data_worst_day\data_unified_2020_03_ETHUSDT.csv,1584138809701030.2,19505626969.69697,0.007694761110549762,108591282.33639589,6514071834.147142,975281348.4848486,12991555135.549831,0.0,2.1664430487492194,1.0709088323950333
2787,c:\dev\monitor-backend_for_badger\simulations\data_worst_day\data_unified_2020_03_ETHUSDT.csv,1584138876940794.8,19505626969.69697,0.007699001323538904,108591282.33639589,6514071834.147142,975281348.4848486,12991555135.549831,0.0,2.1652498836139626,1.0709088323950333
2788,c:\dev\monitor-backend_for_badger\simulations\data_worst_day\data_unified_2020_03_ETHUSDT.csv,1584138929717027.5,19505626969.69697,0.007707248798225169,108591282.33639589,6514071834.147142,975281348.4848486,12991555135.549831,0.0,2.1629328643932184,1.0709088323950333
2789,c:\dev\monitor-backend_for_badger\simulations\data_worst_day\data_unified_2020_03_ETHUSDT.csv,1584138989802348.5,19505626969.69697,0.007680764902899407,108591282.33639589,6514071834.147142,975281348.4848486,12991555135.549831,0.0,2.17039083092408,1.0709088323950333
2790,c:\dev\monitor-backend_for_badger\simulations\data_worst_day\data_unified_2020_03_ETHUSDT.csv,1584139050386311.8,19505626969.69697,0.007669210480020289,108591282.33639589,6514071834.147142,975281348.4848486,12991555135.549831,0.0,2.173660739024632,1.0709088323950333
2791,c:\dev\monitor-backend_for_badger\simulations\data_worst_day\data_unified_2020_03_ETHUSDT.csv,1584139111261131.0,19505626969.69697,0.007671839290231652,108591282.33639589,6514071834.147142,975281348.4848486,12991555135.549831,0.0,2.172915918737004,1.0709088323950333
2792,c:\dev\monitor-backend_for_badger\simulations\data_worst_day\data_unified_2020_03_ETHUSDT.csv,1584139167601000.0,19505626969.69697,0.0076754272766730094,108591282.33639589,6514071834.147142,975281348.4848486,12991555135.549831,0.0,2.1719001586270315,1.0709088323950333
2793,c:\dev\monitor-backend_for_badger\simulations\data_worst_day\data_unified_2020_03_ETHUSDT.csv,1584139229649508.2,19505626969.69697,0.00767514775944067,108591282.33639589,6514071834.147142,975281348.4848486,12991555135.549831,0.0,2.1719792559343776,1.0709088323950333
2794,c:\dev\monitor-backend_for_badger\simulations\data_worst_day\data_unified_2020_03_ETHUSDT.csv,1584139296034861.2,19505626969.69697,0.007672253560932776,108591282.33639589,6514071834.147142,975281348.4848486,12991555135.549831,0.0,2.1727985900546303,1.0709088323950333
2795,c:\dev\monitor-backend_for_badger\simulations\data_worst_day\data_unified_2020_03_ETHUSDT.csv,1584139354615551.5,19505626969.69697,0.007666181500070999,108591282.33639589,6514071834.147142,975281348.4848486,12991555135.549831,0.0,2.1745195726949547,1.0709088323950333
2796,c:\dev\monitor-backend_for_badger\simulations\data_worst_day\data_unified_2020_03_ETHUSDT.csv,1584139409927660.0,19505626969.69697,0.007657468533649612,108591282.33639589,6514071834.147142,975281348.4848486,12991555135.549831,0.0,2.1769938258944657,1.0709088323950333
2797,c:\dev\monitor-backend_for_badger\simulations\data_worst_day\data_unified_2020_03_ETHUSDT.csv,1584139470554211.5,19505626969.69697,0.007657567657250682,108591282.33639589,6514071834.147142,975281348.4848486,12991555135.549831,0.0,2.1769656457363284,1.0709088323950333
2798,c:\dev\monitor-backend_for_badger\simulations\data_worst_day\data_unified_2020_03_ETHUSDT.csv,1584139530354009.5,19505626969.69697,0.0076460598207513915,108591282.33639589,6514071834.147142,975281348.4848486,12991555135.549831,0.0,2.1802421260808473,1.0709088323950333
2799,c:\dev\monitor-backend_for_badger\simulations\data_worst_day\data_unified_2020_03_ETHUSDT.csv,1584139590075470.0,19505626969.69697,0.007625194817636185,108591282.33639589,6514071834.147142,975281348.4848486,12991555135.549831,0.0,2.186207974802163,1.0709088323950333
2800,c:\dev\monitor-backend_for_badger\simulations\data_worst_day\data_unified_2020_03_ETHUSDT.csv,1584139646387134.0,19505626969.69697,0.007618891868365993,108591282.33639589,6514071834.147142,975281348.4848486,12991555135.549831,0.0,2.1880165787563,1.0709088323950333
2801,c:\dev\monitor-backend_for_badger\simulations\data_worst_day\data_unified_2020_03_ETHUSDT.csv,1584139718169778.5,19505626969.69697,0.007616792764313087,108591282.33639589,6514071834.147142,975281348.4848486,12991555135.549831,0.0,2.188619571985919,1.0709088323950333
2802,c:\dev\monitor-backend_for_badger\simulations\data_worst_day\data_unified_2020_03_ETHUSDT.csv,1584139765172852.0,19505626969.69697,0.0076169689270306215,108591282.33639589,6514071834.147142,975281348.4848486,12991555135.549831,0.0,2.1885689543222338,1.0709088323950333
2803,c:\dev\monitor-backend_for_badger\simulations\data_worst_day\data_unified_2020_03_ETHUSDT.csv,1584139831517189.0,19505626969.69697,0.007589575035069412,108591282.33639589,6514071834.147142,975281348.4848486,12991555135.549831,0.0,2.196468398126048,1.0709088323950333
2804,c:\dev\monitor-backend_for_badger\simulations\data_worst_day\data_unified_2020_03_ETHUSDT.csv,1584139894782684.8,19505626969.69697,0.007572998977013945,108591282.33639589,6514071834.147142,975281348.4848486,12991555135.549831,0.0,2.2012761087562547,1.0709088323950333
2805,c:\dev\monitor-backend_for_badger\simulations\data_worst_day\data_unified_2020_03_ETHUSDT.csv,1584139949851113.8,19505626969.69697,0.007575025101028388,108591282.33639589,6514071834.147142,975281348.4848486,12991555135.549831,0.0,2.2006873241216316,1.0709088323950333
2806,c:\dev\monitor-backend_for_badger\simulations\data_worst_day\data_unified_2020_03_ETHUSDT.csv,1584140007297627.0,19505626969.69697,0.007557479126764893,108591282.33639589,6514071834.147142,975281348.4848486,12991555135.549831,0.0,2.205796594356238,1.0709088323950333
2807,c:\dev\monitor-backend_for_badger\simulations\data_worst_day\data_unified_2020_03_ETHUSDT.csv,1584140065919903.2,19505626969.69697,0.007550894927391574,108591282.33639589,6514071834.147142,975281348.4848486,12991555135.549831,0.0,2.2077199961111136,1.0709088323950333
2808,c:\dev\monitor-backend_for_badger\simulations\data_worst_day\data_unified_2020_03_ETHUSDT.csv,1584140128994436.8,19505626969.69697,0.007577357413409411,108591282.33639589,6514071834.147142,975281348.4848486,12991555135.549831,0.0,2.200009952049446,1.0709088323950333
2809,c:\dev\monitor-backend_for_badger\simulations\data_worst_day\data_unified_2020_03_ETHUSDT.csv,1584140189124877.0,19505626969.69697,0.007575410411337073,108591282.33639589,6514071834.147142,975281348.4848486,12991555135.549831,0.0,2.2005753899205605,1.0709088323950333
2810,c:\dev\monitor-backend_for_badger\simulations\data_worst_day\data_unified_2020_03_ETHUSDT.csv,1584140256327296.5,19505626969.69697,0.007570972393025472,108591282.33639589,6514071834.147142,975281348.4848486,12991555135.549831,0.0,2.2018653423031003,1.0709088323950333
2811,c:\dev\monitor-backend_for_badger\simulations\data_worst_day\data_unified_2020_03_ETHUSDT.csv,1584140308898523.0,19505626969.69697,0.0075588132878264954,108591282.33639589,6514071834.147142,975281348.4848486,12991555135.549831,0.0,2.2054072623521326,1.0709088323950333
2812,c:\dev\monitor-backend_for_badger\simulations\data_worst_day\data_unified_2020_03_ETHUSDT.csv,1584140361925404.0,19505626969.69697,0.007535197001747471,108591282.33639589,6514071834.147142,975281348.4848486,12991555135.549831,0.0,2.2123192951518575,1.0709088323950333
2813,c:\dev\monitor-backend_for_badger\simulations\data_worst_day\data_unified_2020_03_ETHUSDT.csv,1584140432316742.0,19505626969.69697,0.007519683925268542,108591282.33639589,6514071834.147142,975281348.4848486,12991555135.549831,0.0,2.2168833006024293,1.0709088323950333
2814,c:\dev\monitor-backend_for_badger\simulations\data_worst_day\data_unified_2020_03_ETHUSDT.csv,1584140493152157.2,19505626969.69697,0.007497232603558538,108591282.33639589,6514071834.147142,975281348.4848486,12991555135.549831,0.0,2.223522011551818,1.0709088323950333
2815,c:\dev\monitor-backend_for_badger\simulations\data_worst_day\data_unified_2020_03_ETHUSDT.csv,1584140549901644.5,19505626969.69697,0.007462537316417744,108591282.33639589,6514071834.147142,975281348.4848486,12991555135.549831,0.0,2.233859746746112,1.0709088323950333
2816,c:\dev\monitor-backend_for_badger\simulations\data_worst_day\data_unified_2020_03_ETHUSDT.csv,1584140608236362.5,19505626969.69697,0.0074320886403902294,108591282.33639589,6514071834.147142,975281348.4848486,12991555135.549831,0.0,2.243011692452186,1.0709088323950333
2817,c:\dev\monitor-backend_for_badger\simulations\data_worst_day\data_unified_2020_03_ETHUSDT.csv,1584140667485048.0,19505626969.69697,0.00741903596317761,108591282.33639589,6514071834.147142,975281348.4848486,12991555135.549831,0.0,2.246957933951893,1.0709088323950333
2818,c:\dev\monitor-backend_for_badger\simulations\data_worst_day\data_unified_2020_03_ETHUSDT.csv,1584140732978774.0,19505626969.69697,0.007414899894706808,108591282.33639589,6514071834.147142,975281348.4848486,12991555135.549831,0.0,2.2482112983934646,1.0709088323950333
2819,c:\dev\monitor-backend_for_badger\simulations\data_worst_day\data_unified_2020_03_ETHUSDT.csv,1584140791681743.5,19505626969.69697,0.007429132368098802,108591282.33639589,6514071834.147142,975281348.4848486,12991555135.549831,0.0,2.2439042533849025,1.0709088323950333
2820,c:\dev\monitor-backend_for_badger\simulations\data_worst_day\data_unified_2020_03_ETHUSDT.csv,1584140850568268.0,19505626969.69697,0.007422615860982717,108591282.33639589,6514071834.147142,975281348.4848486,12991555135.549831,0.0,2.245874235168799,1.0709088323950333
2821,c:\dev\monitor-backend_for_badger\simulations\data_worst_day\data_unified_2020_03_ETHUSDT.csv,1584140906828921.8,19505626969.69697,0.007417460116862995,108591282.33639589,6514071834.147142,975281348.4848486,12991555135.549831,0.0,2.2474353022590394,1.0709088323950333
2822,c:\dev\monitor-backend_for_badger\simulations\data_worst_day\data_unified_2020_03_ETHUSDT.csv,1584140975644782.2,19505626969.69697,0.007414248370868763,108591282.33639589,6514071834.147142,975281348.4848486,12991555135.549831,0.0,2.2484088589795945,1.0709088323950333
2823,c:\dev\monitor-backend_for_badger\simulations\data_worst_day\data_unified_2020_03_ETHUSDT.csv,1584141029897624.0,19505626969.69697,0.007406789851117124,108591282.33639589,6514071834.147142,975281348.4848486,12991555135.549831,0.0,2.25067297099324,1.0709088323950333
2824,c:\dev\monitor-backend_for_badger\simulations\data_worst_day\data_unified_2020_03_ETHUSDT.csv,1584141095207797.0,19505626969.69697,0.007354449879922346,108591282.33639589,6514071834.147142,975281348.4848486,12991555135.549831,0.0,2.266690506008639,1.0709088323950333
2825,c:\dev\monitor-backend_for_badger\simulations\data_worst_day\data_unified_2020_03_ETHUSDT.csv,1584141147714367.5,19505626969.69697,0.0073535018307799285,108591282.33639589,6514071834.147142,975281348.4848486,12991555135.549831,0.0,2.266982738748876,1.0709088323950333
2826,c:\dev\monitor-backend_for_badger\simulations\data_worst_day\data_unified_2020_03_ETHUSDT.csv,1584141210453073.5,19505626969.69697,0.007320562544755105,108591282.33639589,6514071834.147142,975281348.4848486,12991555135.549831,0.0,2.2771831560512985,1.0709088323950333
2827,c:\dev\monitor-backend_for_badger\simulations\data_worst_day\data_unified_2020_03_ETHUSDT.csv,1584141271396797.2,19505626969.69697,0.007331302161250605,108591282.33639589,6514071834.147142,975281348.4848486,12991555135.549831,0.0,2.2738473129434715,1.0709088323950333
2828,c:\dev\monitor-backend_for_badger\simulations\data_worst_day\data_unified_2020_03_ETHUSDT.csv,1584141329809644.5,19505626969.69697,0.007359586259156994,108591282.33639589,6514071834.147142,975281348.4848486,12991555135.549831,0.0,2.265108544518351,1.0709088323950333
2829,c:\dev\monitor-backend_for_badger\simulations\data_worst_day\data_unified_2020_03_ETHUSDT.csv,1584141394188531.8,19505626969.69697,0.007394105965082426,108591282.33639589,6514071834.147142,975281348.4848486,12991555135.549831,0.0,2.2545337865671935,1.0709088323950333
2830,c:\dev\monitor-backend_for_badger\simulations\data_worst_day\data_unified_2020_03_ETHUSDT.csv,1584141449932396.0,19505626969.69697,0.007428084230268223,108591282.33639589,6514071834.147142,975281348.4848486,12991555135.549831,0.0,2.2442208788919995,1.0709088323950333
2831,c:\dev\monitor-backend_for_badger\simulations\data_worst_day\data_unified_2020_03_ETHUSDT.csv,1584141507855054.5,19505626969.69697,0.00741219908254907,108591282.33639589,6514071834.147142,975281348.4848486,12991555135.549831,0.0,2.2490304879943155,1.0709088323950333
2832,c:\dev\monitor-backend_for_badger\simulations\data_worst_day\data_unified_2020_03_ETHUSDT.csv,1584141568434043.2,19505626969.69697,0.007416884691538823,108591282.33639589,6514071834.147142,975281348.4848486,12991555135.549831,0.0,2.247609665383335,1.0709088323950333
2833,c:\dev\monitor-backend_for_badger\simulations\data_worst_day\data_unified_2020_03_ETHUSDT.csv,1584141632296671.5,19505626969.69697,0.007433892056208492,108591282.33639589,6514071834.147142,975281348.4848486,12991555135.549831,0.0,2.2424675518141286,1.0709088323950333
2834,c:\dev\monitor-backend_for_badger\simulations\data_worst_day\data_unified_2020_03_ETHUSDT.csv,1584141687370245.2,19505626969.69697,0.0074708038642224295,108591282.33639589,6514071834.147142,975281348.4848486,12991555135.549831,0.0,2.2313879500397533,1.0709088323950333
2835,c:\dev\monitor-backend_for_badger\simulations\data_worst_day\data_unified_2020_03_ETHUSDT.csv,1584141751421445.2,19505626969.69697,0.007474387877939685,108591282.33639589,6514071834.147142,975281348.4848486,12991555135.549831,0.0,2.230317986164174,1.0709088323950333
2836,c:\dev\monitor-backend_for_badger\simulations\data_worst_day\data_unified_2020_03_ETHUSDT.csv,1584141811507286.2,19505626969.69697,0.007515693322865763,108591282.33639589,6514071834.147142,975281348.4848486,12991555135.549831,0.0,2.218060397570868,1.0709088323950333
2837,c:\dev\monitor-backend_for_badger\simulations\data_worst_day\data_unified_2020_03_ETHUSDT.csv,1584141870223218.0,19505626969.69697,0.007539233978750115,108591282.33639589,6514071834.147142,975281348.4848486,12991555135.549831,0.0,2.2111346811523176,1.0709088323950333
2838,c:\dev\monitor-backend_for_badger\simulations\data_worst_day\data_unified_2020_03_ETHUSDT.csv,1584141928060930.8,19505626969.69697,0.007503596653382404,108591282.33639589,6514071834.147142,975281348.4848486,12991555135.549831,0.0,2.2216361685994785,1.0709088323950333
2839,c:\dev\monitor-backend_for_badger\simulations\data_worst_day\data_unified_2020_03_ETHUSDT.csv,1584141987012962.5,19505626969.69697,0.0074930831533432845,108591282.33639589,6514071834.147142,975281348.4848486,12991555135.549831,0.0,2.224753332985284,1.0709088323950333
2840,c:\dev\monitor-backend_for_badger\simulations\data_worst_day\data_unified_2020_03_ETHUSDT.csv,1584142047386533.0,19505626969.69697,0.007490671811990892,108591282.33639589,6514071834.147142,975281348.4848486,12991555135.549831,0.0,2.2254695090300163,1.0709088323950333
2841,c:\dev\monitor-backend_for_badger\simulations\data_worst_day\data_unified_2020_03_ETHUSDT.csv,1584142106720439.0,19505626969.69697,0.0074951780289966114,108591282.33639589,6514071834.147142,975281348.4848486,12991555135.549831,0.0,2.2241315223259646,1.0709088323950333
2842,c:\dev\monitor-backend_for_badger\simulations\data_worst_day\data_unified_2020_03_ETHUSDT.csv,1584142174839312.0,19505626969.69697,0.007507221691210922,108591282.33639589,6514071834.147142,975281348.4848486,12991555135.549831,0.0,2.22056339954008,1.0709088323950333
2843,c:\dev\monitor-backend_for_badger\simulations\data_worst_day\data_unified_2020_03_ETHUSDT.csv,1584142225342213.8,19505626969.69697,0.007523103723386981,108591282.33639589,6514071834.147142,975281348.4848486,12991555135.549831,0.0,2.2158755658138425,1.0709088323950333
2844,c:\dev\monitor-backend_for_badger\simulations\data_worst_day\data_unified_2020_03_ETHUSDT.csv,1584142289494699.8,19505626969.69697,0.007494642029207583,108591282.33639589,6514071834.147142,975281348.4848486,12991555135.549831,0.0,2.224290587164831,1.0709088323950333
2845,c:\dev\monitor-backend_for_badger\simulations\data_worst_day\data_unified_2020_03_ETHUSDT.csv,1584142350965820.5,19505626969.69697,0.007472207855699187,108591282.33639589,6514071834.147142,975281348.4848486,12991555135.549831,0.0,2.2309686831077173,1.0709088323950333
2846,c:\dev\monitor-backend_for_badger\simulations\data_worst_day\data_unified_2020_03_ETHUSDT.csv,1584142402822037.8,19505626969.69697,0.007449250589535196,108591282.33639589,6514071834.147142,975281348.4848486,12991555135.549831,0.0,2.2378441320197973,1.0709088323950333
2847,c:\dev\monitor-backend_for_badger\simulations\data_worst_day\data_unified_2020_03_ETHUSDT.csv,1584142467427123.2,19505626969.69697,0.0074261291879225404,108591282.33639589,6514071834.147142,975281348.4848486,12991555135.549831,0.0,2.244811704440582,1.0709088323950333
2848,c:\dev\monitor-backend_for_badger\simulations\data_worst_day\data_unified_2020_03_ETHUSDT.csv,1584142536905676.2,19505626969.69697,0.007442557793416285,108591282.33639589,6514071834.147142,975281348.4848486,12991555135.549831,0.0,2.239856536214328,1.0709088323950333
2849,c:\dev\monitor-backend_for_badger\simulations\data_worst_day\data_unified_2020_03_ETHUSDT.csv,1584142592738051.5,19505626969.69697,0.007441296630499876,108591282.33639589,6514071834.147142,975281348.4848486,12991555135.549831,0.0,2.2402361507011332,1.0709088323950333
2850,c:\dev\monitor-backend_for_badger\simulations\data_worst_day\data_unified_2020_03_ETHUSDT.csv,1584142649453336.0,19505626969.69697,0.007432797627691487,108591282.33639589,6514071834.147142,975281348.4848486,12991555135.549831,0.0,2.2427977397944954,1.0709088323950333
2851,c:\dev\monitor-backend_for_badger\simulations\data_worst_day\data_unified_2020_03_ETHUSDT.csv,1584142707236656.8,19505626969.69697,0.007441872263153444,108591282.33639589,6514071834.147142,975281348.4848486,12991555135.549831,0.0,2.240062867280719,1.0709088323950333
2852,c:\dev\monitor-backend_for_badger\simulations\data_worst_day\data_unified_2020_03_ETHUSDT.csv,1584142770152661.5,19505626969.69697,0.007450145841969387,108591282.33639589,6514071834.147142,975281348.4848486,12991555135.549831,0.0,2.237575219779819,1.0709088323950333
2853,c:\dev\monitor-backend_for_badger\simulations\data_worst_day\data_unified_2020_03_ETHUSDT.csv,1584142829404218.8,19505626969.69697,0.007467221650429333,108591282.33639589,6514071834.147142,975281348.4848486,12991555135.549831,0.0,2.232458402889097,1.0709088323950333
2854,c:\dev\monitor-backend_for_badger\simulations\data_worst_day\data_unified_2020_03_ETHUSDT.csv,1584142891223369.8,19505626969.69697,0.007479128855480096,108591282.33639589,6514071834.147142,975281348.4848486,12991555135.549831,0.0,2.22890420018927,1.0709088323950333
2855,c:\dev\monitor-backend_for_badger\simulations\data_worst_day\data_unified_2020_03_ETHUSDT.csv,1584142947573261.0,19505626969.69697,0.00749013779763116,108591282.33639589,6514071834.147142,975281348.4848486,12991555135.549831,0.0,2.2256281753599394,1.0709088323950333
2856,c:\dev\monitor-backend_for_badger\simulations\data_worst_day\data_unified_2020_03_ETHUSDT.csv,1584143010239976.2,19505626969.69697,0.0075574308045493685,108591282.33639589,6514071834.147142,975281348.4848486,12991555135.549831,0.0,2.205810698220526,1.0709088323950333
2857,c:\dev\monitor-backend_for_badger\simulations\data_worst_day\data_unified_2020_03_ETHUSDT.csv,1584143070469996.5,19505626969.69697,0.007536065456111279,108591282.33639589,6514071834.147142,975281348.4848486,12991555135.549831,0.0,2.2120643480103817,1.0709088323950333
2858,c:\dev\monitor-backend_for_badger\simulations\data_worst_day\data_unified_2020_03_ETHUSDT.csv,1584143128420039.2,19505626969.69697,0.007568914124464851,108591282.33639589,6514071834.147142,975281348.4848486,12991555135.549831,0.0,2.202464111179885,1.0709088323950333
2859,c:\dev\monitor-backend_for_badger\simulations\data_worst_day\data_unified_2020_03_ETHUSDT.csv,1584143192313837.2,19505626969.69697,0.007618327167170955,108591282.33639589,6514071834.147142,975281348.4848486,12991555135.549831,0.0,2.1881787633868197,1.0709088323950333
2860,c:\dev\monitor-backend_for_badger\simulations\data_worst_day\data_unified_2020_03_ETHUSDT.csv,1584143249227812.5,19505626969.69697,0.007632918292153873,108591282.33639589,6514071834.147142,975281348.4848486,12991555135.549831,0.0,2.1839958298613342,1.0709088323950333
2861,c:\dev\monitor-backend_for_badger\simulations\data_worst_day\data_unified_2020_03_ETHUSDT.csv,1584143311220032.8,19505626969.69697,0.007622001591690107,108591282.33639589,6514071834.147142,975281348.4848486,12991555135.549831,0.0,2.18712388330004,1.0709088323950333
2862,c:\dev\monitor-backend_for_badger\simulations\data_worst_day\data_unified_2020_03_ETHUSDT.csv,1584143372589803.2,19505626969.69697,0.007646510910183816,108591282.33639589,6514071834.147142,975281348.4848486,12991555135.549831,0.0,2.1801135073951805,1.0709088323950333
2863,c:\dev\monitor-backend_for_badger\simulations\data_worst_day\data_unified_2020_03_ETHUSDT.csv,1584143431391202.2,19505626969.69697,0.007629503289219296,108591282.33639589,6514071834.147142,975281348.4848486,12991555135.549831,0.0,2.1849733970613663,1.0709088323950333
2864,c:\dev\monitor-backend_for_badger\simulations\data_worst_day\data_unified_2020_03_ETHUSDT.csv,1584143492986568.8,19505626969.69697,0.007586272886244224,108591282.33639589,6514071834.147142,975281348.4848486,12991555135.549831,0.0,2.1974244757216197,1.0709088323950333
2865,c:\dev\monitor-backend_for_badger\simulations\data_worst_day\data_unified_2020_03_ETHUSDT.csv,1584143552668677.5,19505626969.69697,0.007608277698977533,108591282.33639589,6514071834.147142,975281348.4848486,12991555135.549831,0.0,2.1910690407602567,1.0709088323950333
2866,c:\dev\monitor-backend_for_badger\simulations\data_worst_day\data_unified_2020_03_ETHUSDT.csv,1584143606195342.8,19505626969.69697,0.007618502964167427,108591282.33639589,6514071834.147142,975281348.4848486,12991555135.549831,0.0,2.188128271150201,1.0709088323950333
2867,c:\dev\monitor-backend_for_badger\simulations\data_worst_day\data_unified_2020_03_ETHUSDT.csv,1584143672692010.8,19505626969.69697,0.007595071607572221,108591282.33639589,6514071834.147142,975281348.4848486,12991555135.549831,0.0,2.194878808399416,1.0709088323950333
2868,c:\dev\monitor-backend_for_badger\simulations\data_worst_day\data_unified_2020_03_ETHUSDT.csv,1584143728418429.0,19505626969.69697,0.007552292164370193,108591282.33639589,6514071834.147142,975281348.4848486,12991555135.549831,0.0,2.2073115495163758,1.0709088323950333
2869,c:\dev\monitor-backend_for_badger\simulations\data_worst_day\data_unified_2020_03_ETHUSDT.csv,1584143788745000.0,19505626969.69697,0.007529540278651399,108591282.33639589,6514071834.147142,975281348.4848486,12991555135.549831,0.0,2.2139813458468054,1.0709088323950333
2870,c:\dev\monitor-backend_for_badger\simulations\data_worst_day\data_unified_2020_03_ETHUSDT.csv,1584143847827326.2,19505626969.69697,0.007520119565746222,108591282.33639589,6514071834.147142,975281348.4848486,12991555135.549831,0.0,2.2167548765672005,1.0709088323950333
2871,c:\dev\monitor-backend_for_badger\simulations\data_worst_day\data_unified_2020_03_ETHUSDT.csv,1584143909211339.2,19505626969.69697,0.007501029551930526,108591282.33639589,6514071834.147142,975281348.4848486,12991555135.549831,0.0,2.2223964862858008,1.0709088323950333
2872,c:\dev\monitor-backend_for_badger\simulations\data_worst_day\data_unified_2020_03_ETHUSDT.csv,1584143970412025.0,19505626969.69697,0.007476897629997825,108591282.33639589,6514071834.147142,975281348.4848486,12991555135.549831,0.0,2.2295693407455683,1.0709088323950333
